function [J] = Jacobian_n2d4(x)

x1 = x(1);
x2 = x(2);

J = [0,1,0,2*x1,x2,0,3*x1^2,2*x1*x2,x2^2,0,4*x1^3,3*x1^2*x2,2*x1*x2^2,x2^3,0;...
     0,0,1,0,x1,2*x2,0,x1^2,2*x1*x2,3*x2^2,0,x1^3,2*x2*x1^2,3*x2^2*x1,4*x2^3]';
end

