51.28220454112096,50.96411809854308,47.55971220361273,46.37180411699696,44.15610567592926,7.599611325244609,8.033208262366301,8.005157414401253,36.297518027868854,36.73617381934205,109.75474443100029,37.15405014536864,37.519385769107366,8.702467786699799,38.90834665980358,45.61818091208738,45.290901215079174,16.108418333276404,2.1044790970044005,76.78770055139103,124.4597734455624,50.276747793733094,-2.8668214130644856,59.29125782779283,97.7286737719869,51.8768522454875,86.52407849015526,122.37045332318522,65.03011888622677,-32.87998962329061,-53.12394893599321,-12.394255783126937,8.042921400007799,0.3809328400571417,-10.516587497254932,-9.2508471185497,6.321563206574979,-2.5419257394837587,-71.60193246595281,-99.62116545053074,-47.04314752577514,-49.310339029299655,-53.606048609937915,-56.53587448180549,-50.19322107596918,-24.944106043678403,-40.24792574953571,-61.03011816067874,-123.69460247732059,-121.18517357989413,-54.64350297659763,-51.32999107178205,-45.48511332763874,-42.90226158669995,-37.44232444798459,-32.554097869006654,-24.75413101074634,-34.39644932096962,-39.766736725828196,-1.394221226738864,39.572316914347084,6.945932165593149,-5.975464649606522,-11.796549789332687,-9.681238699260462,-8.381043897817364,-6.342695438315275,-4.309136607100925,1.0312234799223887,2.6551670487013723,-24.709178083395955,-37.50883008160827,-21.213653667622566,13.466558964656315,26.504526737847982,40.675285487494875,47.98698259545134,49.78979035892735,-2.623609707125297,20.182045859638578,4.965633018830886,15.835493769919509,19.800182786360438,-6.728631898787285,28.704118888887933,57.47593722963961,48.67539028767305,28.928903758356455,35.35745052739463,38.99270040749556,42.24726939055756,45.87463892201677,47.81306109156644,50.76061946662932,53.62216671129133,56.47782720650214,57.66058534581557,61.748464684281814,59.539269458943295,59.44596494929077,51.25094316999156,50.539442381568705,-2.14905809715583,-33.07880919804484,25.598495031871607,66.85796280755369,74.81310754513834,51.80911870829823,0.9475988791074883,-7.341263183310502,-63.069188083769404,-11.30845428585826,-32.00852309975079,-36.35545670132805,-49.30312886567202,-57.46075829215005,-63.755242270423196,-78.57631604055393,-94.94340560911223,-70.27739899020537,-67.88806373305819,-67.07511709118735,-151.68613819806978,-46.0416137919874,21.120712498972352,-57.06199384070632,-22.555713641087323,-56.43806344622328,-64.98755880338899,-32.2117893343534,0.11190597455743045,-11.595312239919622,-49.154811987095684,-60.70088616001169,-31.411248247449493,-29.35516828626099,-9.7518975685216,-23.21158509278193,-21.141494706312898,-19.182075460094552,-17.467847821716887,-16.013521604279717,-14.565742779232878,-13.705886512454803,-12.848229227255139,-12.389902828228237,-11.824041302536536,-10.72231334002456,-10.374528113707008,-22.942843514165816,-6.627458694624435,-6.742731708455931,-6.9344681298676125,44.2450733241526,-23.784336477279794,-42.34756560779988,-6.7421329119058555,-3.822516142659879,-10.09459689942878,1.3429286239093017,-8.97114014328325,-9.231242868503678,-11.609587711425508,-14.006620614651816,-15.679650530002462,28.827571691437697,-34.82479119063146,-60.54620304016984,-36.88096804845691,9.080292604972783,-24.932510244539856,-26.842672033758973,-28.9770596534415,-31.326715948740826,-33.83459495882914,-36.46662720262606,-40.338941103590656,-43.19241112821672,1.2261757811080543,-34.462696658112236,-93.10807730138322,-112.6947302333869,-59.965506815278786,17.35628623395769,-67.05378928450796,-72.56123249336542,-95.89366583873743,-124.1693901072831,-123.29000933779008,-119.20417858985766,-124.51666051393909,-111.77657230734758,-82.72161338418982,-43.35696399677158,-8.830319147591581,20.501823711697057,33.57904552140354,23.55442846621179,5.784902767069525
47.43369895559135,52.185489141628224,51.00813901326642,49.871685425511146,48.780478441593075,47.73932051629528,28.73211154257058,16.084233836687872,36.750465503898965,10.585144622447842,20.101680049344395,39.95719725348471,40.359998749427135,72.41253832074335,42.36756471026879,53.53812022863622,-10.99428309216728,1.1624752099874058,44.44269806180682,62.18154861579683,48.7604684811638,81.7023359551306,104.06277679695881,81.02304753065619,23.7775592021012,-13.467318579836046,10.835681351594303,80.39842128840337,91.50319547369554,28.501889897896035,-26.072496325980637,-28.799193064773327,-12.953277112933705,14.297202463937879,39.6608374392988,20.339092786115998,-22.51452520133239,-48.497996785118175,-79.97970983996674,-102.56087695972872,-77.65823397936458,-55.952322818243346,-56.318008443947306,-80.44349372888564,-50.66219478702624,-3.0598643285343314,-46.67019898118542,-86.90455823627985,-88.12673529327913,-60.290517208634604,-46.28668879324874,-42.49707077726768,-39.68050459837954,-36.944731828916076,-33.73090278227576,-31.599335567474924,-28.713032512437564,55.89250880021666,33.219539966012235,-8.071013730742152,-39.072146673224864,-50.66317011717297,-37.45762955132932,-27.372827245846253,-6.325180449792342,-3.6074298993215734,-1.045878717163049,1.657692812426916,4.166829402091963,3.1658144474409937,43.93198386291647,49.111103072672186,36.08152653476736,8.636021625754552,-15.708739127747322,-8.670936973065182,16.286288330071812,18.105116066673517,19.889799575453196,21.710753847740904,23.478826098336057,25.19178702703018,25.362766849410036,14.026685583406561,-35.49554304783078,-51.912010518930856,27.305015057232595,105.66453102889363,37.20975306993218,39.66513055508314,42.30887607286708,45.78637410605444,48.283992920481026,51.3757913620587,54.14947625149911,54.3229300557406,55.54291041439828,55.03310059973174,52.87245543993699,52.12054652592438,39.655474022636554,41.907303561215855,48.97441851690087,72.60510986698262,79.71446204137322,55.47047416685518,5.69659545975037,-23.141539371890133,-14.707135771927653,-12.104379967660691,-20.924480612491152,-31.183807929875456,-40.438560001883786,-49.07160179485754,-52.627581182605866,-69.17838720166213,-120.07940687719656,-73.62189068808023,-79.5446096098861,-79.19323575681759,-76.24742846963498,-88.31587128706269,-137.31408482611857,-71.29892025769053,-67.0847329461541,-65.02922489000485,-43.522422589492635,-70.10527418617518,-62.680584247150136,-36.25373443677495,-32.639893250479304,-38.0872934682821,-23.79351910357468,5.586109948968669,-24.05959294403047,-22.18536334220525,-15.379120016922943,-15.088017348657615,-14.324485098350845,-13.418570158352729,-12.461876394428756,-11.456813469502407,-10.452967480485754,-9.637738823115981,-9.012528680033679,-8.568338356564578,-8.245080820953312,-7.602819848196216,-7.092334974451951,-6.575224261756807,-5.971964641666929,-7.000236916006658,-6.713889517392666,-5.116541757400682,30.887928996982055,11.099791313932428,-15.435532973418049,-35.781977683989,-6.934379132090726,-11.197484911511168,-10.30960675853116,-11.457448765194243,-12.500884359355027,4.102153702517768,3.3906650319793137,-6.211782388876713,-19.868690952875752,-21.074743940184725,-22.570611192918733,-24.138350484151147,-25.84532479587881,-27.675806601258373,-30.212458875726952,-31.771070465788426,-34.54683826847224,-37.00590772824276,-40.47255940691696,-43.19653846731535,-101.04634056429381,-78.18247895010609,-31.517147671360362,-7.550644916767624,-31.36118012529478,-58.06108514302423,-79.66141738315957,-71.8273253376399,-76.98466332285551,-82.78028550913616,-87.7039447971344,-89.74017322883077,-118.6778921064381,-122.0679567922316,-106.95998975979793,-81.99543692354314,-18.903352856191304,24.762231203592197,-6.95878687732511,-5.554946543060396,51.47842800800936
8.385737277098997,52.92372863405751,49.58717717305126,50.607791733998475,46.38347368464252,48.46488394111015,47.44862636996288,46.476957320559286,45.55368542914691,44.681332264246436,43.8597748549683,43.086778843577875,38.39185646676479,42.94131649566452,57.595758164327805,63.09838057049069,42.723729418239145,41.92827112305349,55.78310010398343,19.6758237236254,-21.704578281171052,49.52990998234595,138.0279304078124,112.91227854558474,45.09424564054484,35.663154038615176,64.80466820247199,45.0177514746465,-6.029547480895872,-17.182567435705323,36.49765502358969,54.04529497902877,1.8592171963355213,-8.873788192311736,-15.827403141887629,-30.77632462485917,-62.25531571104949,-31.68784619874532,-12.45136402926778,-31.239538242853087,-32.36184675744278,-52.463465629461155,-57.290066155218966,-59.93064928447674,-117.86222853210415,-61.38342674825208,-15.874535996218128,-24.443915633580673,-84.54873255673556,-114.12394614040295,-44.37673341038271,-47.20762810454846,-42.642845742362795,-38.676696440858024,-34.20752642381399,-31.65832529277523,-28.63784945689912,-45.45984526449698,-12.61205388040753,10.30141739342639,-8.141925059027699,-42.44594516189659,-24.86093497663751,-11.497712937456598,-9.445743982435928,-7.386938624241395,-5.674994864425514,-3.307262462228252,-1.2585562420798198,0.6755342389025429,55.52704829145796,7.620256259837106,-0.7186697460570315,4.222640201396871,36.488424065439744,50.22191143015584,15.346712502778729,17.225706007399552,19.1849170527193,20.38268172882573,22.34593518538871,24.566567013556508,-29.398690883653785,24.614872559232936,94.99356883605105,85.39590668364508,54.28876540108229,49.813685474860904,56.52606072511048,44.49701025649633,48.5710637757105,39.5850522827221,38.148343549380705,51.257468408901204,40.20970620218486,26.801439400815525,65.22314234936334,86.58528532539083,52.10498896106306,52.64688012315734,50.96638906713639,49.582189384668,23.22867328277971,106.1143670240001,73.13713621738225,-0.8709550726275666,4.297781758772999,18.995285965968037,20.539213743469077,-6.50423189828291,-15.693204608914868,-24.042558686213397,-33.409359288174244,-43.2379191590926,-47.31199445061702,-63.8922410276644,-70.05785345175548,-78.09655735322639,-84.805066087118,-80.93938181150044,-77.46058258178536,-73.0701151466967,-68.0912840786018,-63.54485355282225,-59.095357040238866,-54.92387571060917,-51.11884636019761,-31.8922450869577,-43.6814253128764,-33.32020834002333,-29.015216927568872,0.6626003222102099,-33.106528004216216,-41.49709880444421,-40.72031292828706,-31.128727101270613,8.382601485197029,-27.681297113455216,-25.890316319288928,-20.967500177757664,-21.072302566685003,-21.054393189905696,-21.16128424973843,-21.62296325904531,-22.339428686211257,-10.467681668757905,-15.268374427516228,-13.611223752218471,-12.744353928355778,-11.795795226632507,-9.593572361823377,-9.150752367798525,-7.972866547112879,40.41871211704074,36.80800434116554,14.617311731895256,7.944129531891576,-5.550917190256769,-46.50253913724464,-9.917449286558085,39.48236907822911,-5.926147036767901,-7.8961072525486315,-10.172199465590452,-12.351292568114602,-14.739915606089426,-16.737095529806254,-18.954614451156615,-3.143358141688168,-23.437471504957315,-25.682795367930794,-29.064414076627315,-31.476745202121407,-33.54551065981292,-34.84312891208623,-37.97498924502614,-41.114160389212685,-36.72905263396467,-22.148655596298113,-17.30204206640019,4.6799642902015535,-16.50089271528168,-71.12147869901219,-147.44775865785732,-64.76304538040765,-115.62633261243536,-14.780205806287086,-59.4564165931415,-55.47231294499488,-62.06895649014339,-105.16734396678112,-34.029713396464786,-41.738296364790585,-50.58883805403366,-26.358231766781046,-6.474364856511784,-0.9880186817267713,20.33614936669116,-12.788085063398285
40.560759574423855,53.80902438784764,52.54701696967046,51.31123263086554,38.37563199842323,48.92951558985749,27.266042032672203,25.271385699929397,45.2935838190787,44.25144662356118,82.04184133108424,41.620244854786066,41.476847578743985,41.177595953146884,41.0064933697028,40.821756399459616,39.21183937387923,40.20131733050373,39.819638135394314,-18.729785884881494,38.75223881708403,38.35521473947328,72.34636488166302,50.87853470515779,30.051707912103893,18.439745496397308,54.56495556682921,81.99857178805783,45.66364100399983,12.372750475863086,25.31484244099056,20.218832684568042,-1.0004958894801916,-20.700693421142475,-10.79936093802553,3.5340966030885284,-5.243222587849232,-17.76992596976197,-38.40030427588022,-66.20473932173991,-97.96824783385205,-128.96237787704194,-51.279318534015985,-37.783865621630184,-31.486935011591868,-51.788829412552815,-57.59576041093419,-76.21248804453808,-99.27969553432149,-60.416845535015,-43.58035640579635,-43.34166386108981,-39.9525641144312,-16.67415859049197,-32.31183974093375,-30.778923901754297,-28.45199649036121,-35.67500283044819,14.953654411979642,45.838061678753775,35.87748333415993,6.065949073128763,-39.35343052418875,-12.340464260098855,-10.590546557616847,-8.56271774403092,-6.552951914959294,-4.54838538486085,-1.9967019198193299,-0.06663240497228173,-19.474850337354837,-40.40866295089768,9.083563195538773,51.31714536168079,54.91398245044485,30.377881427396005,14.696236631053466,15.348777578896758,17.580505716257136,19.27103455722728,20.57353463263417,5.2312915993423985,-25.35028691277239,-30.11867020321165,33.4049697170185,85.4665616467588,30.557385062998208,18.26576642331429,36.21293548040211,39.35889405379923,41.656193362105356,44.0504445225741,46.851167571361856,49.057903161782505,51.92613445011392,50.984406611962285,52.48091936981888,53.547295092200585,54.61201451618997,55.025528862369626,54.60490786911717,49.80950032930258,78.98671532251888,37.67107347958654,-0.5758327868852575,30.495358660489046,11.98143751037128,-6.852340583263867,16.41421563218637,-8.55313810444909,-17.15496678012579,-26.167192739353425,-35.23901724580708,-48.701193095279166,-53.21475805156666,-62.50049878725957,-71.41662571438769,-75.88140753982375,-102.19138766458886,-105.06937065990932,-72.9986626005956,-70.92365960507911,-68.86808349649785,-67.47129677090214,-62.73265684185907,-60.463706095298576,-57.61553264213492,-117.25682756213973,-42.52835491972928,-11.378201348229368,-49.47501191169886,-81.84235719857224,-39.862881311909405,-8.419909939673971,-31.15103889806582,-29.048836570097393,-26.3415467857415,-24.07124409553721,11.832709315748616,-19.875536750693385,-16.30812274245683,-14.322728674833655,-12.574749958442936,-11.55255290433599,-10.141627209458328,-9.22205484364283,-8.410396989538334,-7.496995257902704,-7.617594547201765,-7.562394615498036,-6.676995533318866,-6.812548010512559,-6.973241117206356,25.056994293174284,12.15299680942735,-8.518417068348072,-18.91216061991622,-3.713694892239687,21.57296200465953,-8.551748446530343,-9.530651488615597,-10.215247581307853,-11.410373677665305,-23.318710348277364,-39.57347208957583,-59.21272606325067,-18.451271897022977,-20.57042589301001,-19.367880778596074,-25.443381267433494,-24.63696982420798,-26.60564410106008,-29.41765043035511,-32.58272840513101,-33.972616901488465,-36.004490812303175,-39.46969945590655,-43.018988292714766,14.478996855657442,-18.32156831651264,-91.38555590513351,-102.13960535145134,-64.46885607906256,-49.89171495406197,-79.35219392199406,-67.74283535423044,-67.96246768236458,-69.84835846347869,-55.75723222335182,-72.49789228996414,-117.68679391709043,-64.50084088970925,-41.84292018106896,-59.659177888841896,-80.40405636016362,-48.02706340559325,11.803443209241493,39.520546615518015,45.912087334771655
49.06810432771408,45.85161969302163,29.41070746463788,48.02373321601621,-44.63395620113988,28.180196053415983,46.69226358913761,32.36055461200783,33.925551084826395,39.37210732867345,25.388430507720614,38.37399790213428,15.273518954442807,40.78936821751359,60.81832162079081,66.3830874002224,58.36532970939015,53.54905030334771,37.659509442072135,2.0651775913015626,-2.5408036771088973,43.82064259610638,94.85350762391973,107.90418656612553,96.02351211151864,77.86459490969582,49.93415425291835,15.618341662108378,-1.994919355575803,-5.671008879573492,29.00160342559866,21.576127753999117,-0.26041674589941977,20.63326418752922,18.903319002198714,7.264283339899521,-76.7201193603155,-91.1544427867384,-53.14345828245041,-40.72739082301564,-79.85329479402299,-101.91596242210068,-83.35779631780588,-74.40637466787757,-62.568422152431594,-49.291873175953924,-22.937543986678065,-8.302916288555139,-41.562421142070434,-85.96739914532782,-46.42875149403895,-44.0722046276085,-41.341197675203844,-38.786548334298104,-46.87789285337931,-31.547643916212138,-20.124123914494177,-24.565571542658063,-2.8970830551359086,-3.8787934372821837,-26.53224017508441,-26.57035441502694,-4.640126659572161,-10.777628016271564,-8.700043143842578,-6.181977929637156,-3.1095882675578963,79.23071569419926,-5.9981358828781595,4.834061141170594,9.582493213504677,66.31279843668256,44.67032306292185,0.8478918014209285,-8.145511612144333,-18.675329555104668,-10.971192270916106,-2.5711516788228437,19.06046540836708,15.974530039108657,18.147640483755794,24.42835492755917,18.015225473041937,35.359163850912864,59.65634538874713,24.57091408110864,-12.716873216164572,17.95778175761643,40.45057593263334,53.796422195704736,43.307316605869055,45.432356209057126,46.32354958055538,48.13121426363972,47.596130262328224,48.830508508070515,49.861265929178714,49.4638688243341,50.400739816386576,47.97493867649285,45.817043901712424,102.32118390765845,87.03905734694172,-0.33771729383897764,-47.592974558892706,24.697507502420194,85.18209368775035,24.506721506099893,18.473799282634275,-6.383742811522438,-14.44375013711499,-25.385861945985653,-43.98101990753503,-27.949202171454804,-77.23769052067655,-57.041962874755484,-72.09033466291453,-76.27738076978287,-84.53531633501132,-80.96735244172808,-77.67894615382384,-74.65726980480312,-71.98906087021896,-69.32502043852594,-66.06856340839423,-60.24571877729406,-77.93601828112787,-50.55263349596362,-15.218152484257871,-48.08082888644276,-84.47450797365104,-74.19967131569547,-23.832033131594017,-8.915264750265806,0.3760657067232387,31.649892999970234,59.836205712895435,-17.74450342492166,-16.76812577048082,-15.949383998139993,-9.103053612769855,58.98755865847738,-14.612877568147105,-11.085867087283788,-11.10407390998712,-11.171191625300656,-11.985655604769956,-12.131086774867732,-10.332525859500496,-10.298266134627104,-10.64138947863612,-10.403569586640184,-5.017312894467068,-19.305474270421655,-27.68623339379087,-17.71861115456818,-13.422030387269729,-14.570448260463309,-7.26771810310629,-12.529432236616458,-8.497915007227238,-9.378008804081187,-10.459776684626732,-11.824960084309815,-13.44806294650099,-15.28481183955683,-16.859073266921214,-19.44450969621856,-22.250008140092433,-24.710385267955388,-27.200587578055476,-28.727028469269854,-31.087797582170793,-33.67807542582895,-34.7028217180885,-37.960735827215046,-41.035585736762755,-34.82949808932335,-56.42442878368695,-52.1591676916305,-44.25716003397747,-61.858118464669815,-57.33547304127683,-50.74643445022977,-57.26758804723514,-70.85826409473606,-69.18945007088166,-71.22329824847687,-72.7278655365929,-77.48227862374202,-59.3092848331396,-48.67799200854313,-56.566123289186635,-75.21724137368369,-56.478385937041594,-29.943044790947965,-35.447883234250185,-25.070545096093838,26.288847800511576
17.82769007323577,42.27433227767369,45.21553137483777,48.1597653733445,27.82339108063684,32.044090660375474,-6.349404203356787,-0.0631601757795579,34.28759419645626,34.892950277873226,36.062820544790405,37.22178310740869,38.46987821714728,39.87414855963228,31.885283107604575,29.17451758598736,16.303853560550124,1.7211004255332227,44.96217873762589,79.48798724637925,65.2673847775227,61.581467403801184,56.50505631715305,71.98345766769876,90.96354639609262,54.66036940529466,21.629536264204944,38.606060547510765,67.17256655667097,56.722799634791045,-8.80572824370438,-41.457331517639886,-0.22303459646627743,58.99055731708336,45.249553565732185,-27.53613521945681,-81.554889050389,-100.02712064541902,-120.46634631608401,-89.30962982689016,-33.09169341061215,25.007705713700943,-55.3418417011688,-33.472707167973454,-47.91051422784767,-62.3956354698571,-106.65449352238329,-107.51726257644896,-61.835427434330384,-49.306333252522165,-57.903162291304966,-39.68224670335306,-36.390411235088976,-13.945483344072272,-29.912806583623535,-26.961414356740534,-22.82505762862675,-46.255315871099924,-29.32885872200768,8.600106426880302,47.37634632239502,5.887415709511515,-84.63567925533289,-4.322986778265715,-2.7869398074076344,-3.075364054508313,-2.23740510929359,-1.5675192777110603,-1.153924844083317,6.707721726735997,7.922745390423643,-14.544134250769815,-9.374760431850063,-13.514728679184373,-17.296542051181063,-8.614917236786141,-7.075605652247106,9.605351327402389,15.365222919905307,6.193858029464224,9.541168759047252,14.445118682522889,-32.23475859690302,2.232323793188698,34.04073400317657,1.8808548605329634,11.071424359277898,73.97470526139386,39.650818477096905,43.24327565964923,10.771572535853693,49.733546593525745,52.90165356735102,55.8679529989896,58.37530756756807,54.38020911485776,60.361911888486986,63.755652629815245,66.40049280108379,69.70771608840448,55.53588023971018,93.77775250074558,90.62986738137329,61.055511164242944,30.19782541990162,8.654298749666168,17.762463137312352,50.39069790865483,-0.36522129474349185,-11.250858848563212,-22.414009397173402,-33.01006867393022,0.11428479123651414,-49.32349151408221,-62.59991926096768,-73.1176148561085,-74.82261155839973,-81.84562052477068,-85.44219187146459,-90.5407698945892,-90.4073614998241,-84.85711486169595,-45.82530145297187,-69.5087825851287,-117.17404156584439,-55.882965939789756,-48.89712638616629,-2.6901486976450286,-31.498469155250405,-14.458438872007719,12.407199756014734,-15.38543940260297,-54.909269667553644,-30.636159962985488,-9.369519734541882,-21.6678937512674,-19.679089473024575,-17.725757544145935,-16.40777448409858,-15.03944856428653,-13.92501722220694,9.89919674793964,-12.480629261213494,-11.860964966741282,-11.288173287756386,-11.223038826477932,-10.818511261677463,-8.851869411025346,-9.00285743948002,-10.529123947515046,-9.33412913268699,-53.55302695001524,-40.425629460553864,-25.844433794295014,4.939269279921973,28.345493236478433,-12.042348486200353,-63.91639138033497,-38.45192878043599,-12.022641632948037,49.422859108718285,-2.1548346176077757,-54.85772702153736,-13.918330944506973,-15.164200971287755,-15.772976939553203,-17.33476461152317,-20.563159641496448,-18.77983098446147,-20.609794376273342,-22.567398785894312,-24.563312401975153,-28.114714663294365,-30.70152456656095,-32.75850755038684,-35.71935733162968,-38.9374986683591,-15.629024893313726,-24.679928559216307,-29.56687220569478,-33.11975815817618,-55.282235734434835,-81.28602116670561,-70.2388986352646,-70.07258334787052,-64.84557577208312,-68.16352400309407,-121.25403138565116,-83.72157286090442,-49.634614079078574,-41.652643427870316,-63.986078948500335,-50.50780728252994,-55.43035560933026,-58.269735921593565,-39.84778708378235,-18.103340276214226,-15.060557076300938,-14.95993779536775
54.9042237567096,50.98858627024004,49.91597219866955,48.87144942841568,47.79993122101338,46.780741487096876,51.16367620737037,6.3099670451006205,43.99592115558381,36.47783966832815,36.72354726749797,37.82599919348984,39.132935358449004,39.77123906196381,21.742650728829176,39.609499725031355,30.4376317791355,65.3647343583466,88.87977657866679,64.92155826128055,18.277516898042904,32.862777831397125,51.644388893998894,19.676548881505823,20.596189420112978,55.30010474945129,79.41791062906896,75.98914347500829,36.17035834547414,25.374867772503876,26.9403317697047,30.26067991286618,-17.509670654852016,-23.187803987628854,-18.75809562395125,-2.9429192807772324,-18.108806229607126,-43.56841737101763,-65.8587674850653,-73.29062747885632,-71.20876483893245,-50.30188016695858,-51.98449684967911,-54.038170180180494,-3.5750200705889483,-59.779476113718374,-105.02610613640422,-85.5725412075717,-35.961616506735595,-50.06016728702207,-28.954110908006214,-43.51084455219002,-40.64433785825901,-37.35063073568351,-34.65090485815517,-31.828855180437955,-28.383612072130205,-20.68553898222558,-24.132101586413114,-15.652871483670083,-8.325639946697947,-17.778968331410397,-11.230433605407597,-8.425923127217658,-5.634324443304365,-7.310904193984001,-5.602925780679826,-3.6417729094892053,-1.436182628898493,0.7784268739951443,30.95258612979751,5.063290508864156,11.185264272205586,16.44439679285051,7.819824067036279,10.685460021503786,15.011811301249239,16.9441160273401,18.807123321279974,20.248124644324875,22.371203726441394,24.106710257524583,-6.649689471989859,73.13087296345657,100.45582685431299,42.25437416793193,-23.33425446384649,37.868157241350104,42.5195257677222,45.12343091297309,46.69631084859702,46.956002823223926,64.84775540096368,61.070573645025036,58.93572323448549,55.06809049832472,51.46196719425379,53.173329783750205,52.527302125673266,61.30849991145374,50.17434975074117,48.72500927204146,60.647946799183956,100.05650932077467,58.41953268937232,29.015580265943754,40.50318667472402,48.303881495999576,30.25269491031304,-7.752944308034898,-20.255560920082758,-99.88220033741277,-38.57102323091533,-60.55071675520276,-68.35686041432697,-35.15714264025428,-73.77289829451936,-71.77433460922188,-113.41800074067078,-66.29868040905995,-65.45044065564021,-64.2074816493745,-62.73653288700636,-61.30800710265121,-57.059638675941386,-25.817482793647287,-79.45074654296741,-116.35890434647649,-99.48728320436021,-39.713187368629406,11.021351439567297,-9.845256597393472,-49.61613493137884,-32.30046605146859,-28.767587523814996,-28.385713870154788,-23.97516419953972,-24.251509886783907,-23.519004966317624,-21.401638520770376,-19.329617951730725,-74.54858866422774,-15.521860542159573,-14.254052394103255,-14.054439868429547,-13.055575345891402,-9.177935746078038,-10.642469910361124,-10.415856213083327,-8.879526266260143,-8.87779787806824,-9.105407097360363,-9.0128808733086,94.7678013411496,13.27675836428898,-8.193796553989127,-9.710049668821243,-4.196790052695633,35.03321146682231,-10.595230584293933,-11.41763271339407,-13.09037565746435,-14.421272785177457,-15.574966942145252,-16.54436439713424,-17.916347762843465,-19.395039783100437,-18.300934872367307,-17.544708536294365,-22.530437278892435,-23.176361141511677,-25.720635332889742,-28.210561778190964,-30.787728628415692,-33.60553255975725,-36.209765228700576,-38.96554953552132,-19.353636309965168,-9.565207409111963,-11.723838259700004,-39.28928082668381,-90.97320888378863,-86.23789323761639,-25.84543817224494,-66.83069357196078,-71.3708409055611,-74.2234623321009,-86.11199989088357,-86.73566251603978,-122.58403192466062,-111.27413927199916,-59.906488770986925,-55.7364969471264,-78.03138860350919,-68.36809115459982,-1.3428063250403284,55.833432489550205,54.79240335931513,58.41473779569452
13.503741188709682,40.91208773240487,51.11426991536697,33.36908689139591,26.082323483909704,32.997382113995634,34.12435453690655,66.96472766022771,12.395551920778871,38.69814459293882,4.850183642810862,59.99458207405178,43.3833667889314,44.40249518232779,45.79793408381682,9.013729642828821,63.03999584352732,104.9045059627876,75.09677947701493,31.4121223134548,4.5733954937476256,50.66734028217858,48.73684004003216,120.4247711412795,41.863454045244,-25.06643287529846,-3.165757248776117,51.58954746562313,80.81374575451082,93.25973650556892,38.20225033067982,-40.50175512242413,-32.20315576031771,28.073908321389354,50.56248733058101,-3.0475416210010735,-29.99683107098747,-45.13928873994678,-99.64371334312546,-136.7824910703254,-94.42062731777332,-57.66239044458425,-51.64936965890047,-92.12142350212616,-106.83367375549398,-51.18276745198273,3.4469718380605627,3.8814235462150464,-61.49308315357757,-60.944003910859465,-45.13793890359449,-42.33539891123438,-39.520005891302716,-37.35859796937511,-33.539030077117246,-30.451904619698553,-27.632121800174247,-10.368393118719496,-11.73522495638872,-20.97059359804257,-37.25317094014093,-14.547779136052895,2.6771875091119455,-11.7227408858935,-9.76424503580806,-7.678984719489264,-5.948920974622311,-4.072712252424338,-2.080166276815632,0.11882967795946797,-104.84123922348363,4.267081499383465,75.20613570829028,10.793137680453583,-33.091642465318955,21.767451382422223,12.155737604363594,16.629738894005072,18.150306080483915,17.440031126438043,19.56488458569096,21.96349359281112,54.60642276106273,51.970302667579745,18.109291226870482,9.890755083807335,32.369668944605564,32.366218871438775,22.326312742531172,7.19498037960966,46.94697237259646,53.1298739761782,59.649285747202725,68.66342573442398,57.272987753493,125.83832298084167,137.568072415284,110.85073401956515,61.68156924692656,56.16228342245924,54.29889803891467,13.298242914293951,40.29607433138062,101.68119232481536,64.51924283751077,7.769264819900627,-19.40699025206959,-31.799913494185034,-6.727591932995097,-14.195580695347132,-21.646890263293017,-29.130398461074833,-36.7106437320017,-44.69251910781168,-52.99502903974832,-60.07204761444635,-65.88012471489233,-71.2027380042903,-74.19902992009801,-104.32441851009065,-74.62133858659475,-74.4321541251514,-70.44082303354597,-67.09922729128806,-65.52309873859787,-62.3911567771286,-58.12480936034672,-75.96930505049659,-100.6813594420305,-52.8291422547336,-13.09242250587215,1.9598089500991591,3.997086241297211,-43.68946927774732,-31.28982708264138,-29.286580298237084,-27.420830135393544,-25.642520831839263,-22.316816512133414,-20.789367621043056,-18.91874272972271,-14.607536198628466,-13.712395536836702,-12.821863830616142,-11.841338855299334,21.895726411704857,-10.328253759567609,-14.135167475578328,-8.712810493146002,-7.732093139910397,-6.499358522121554,-2.1264661625483745,-2.2051979895291103,33.25247947636876,15.915435970820454,-9.125474098220366,-6.619682312516943,-14.694218407328663,-31.164773955596104,-0.27437573323413744,45.761747757606145,-9.737096957128898,6.399815255452268,-28.99407672070197,-48.42078593095323,-63.28124994820462,-18.02316075909313,-19.900791921702265,-21.397460629701442,12.663154678551564,-42.59488843015424,-28.719564356550407,-30.739243363812548,-32.859120848705246,-34.81559286559337,-36.66988225239389,-38.866907846617295,-41.93912947764642,-7.455973896397154,-50.34739662032098,-79.17034358408682,-47.39212562086459,-24.203480965752362,-62.02135137933692,-108.66253923787781,-67.33929692912882,-86.17099434484135,-86.33562800606603,-50.79408644899058,-106.53401542097936,-117.92327205460879,-60.38463237770611,-25.775591574285613,-37.44832418420856,-47.16369573178554,-37.11488605783677,-19.589349431553927,3.165575162080131,17.914226763548186
37.23041450791288,50.88940338462918,39.18361284960906,29.96738857174423,27.614062312670853,33.97841818957048,41.440722913622295,45.56682005150583,37.35574096941377,31.392843385207016,29.171867065662504,35.13418585075715,37.58750391168183,40.74089868966959,41.93299758419714,106.85783095945767,62.566811147904446,6.884487358082424,45.900023788112776,75.97291770058371,63.137539437872874,32.59416368802067,9.789208907323115,76.42320724364708,97.06480911905146,70.50428278064646,29.903464081452512,46.62529769013577,60.48275713075395,31.920779337975915,9.525340840506033,-19.349632108381343,-28.91819854147718,-30.857644494954357,-13.690724874626142,-3.9672800060197915,-26.459257477501524,-58.70380546933524,-38.89481420460265,-7.162497571578115,-44.93592574783318,-48.85160542389767,-46.89022534044766,-76.83931410125936,-72.72710563500323,-78.29680063579394,-66.81926860343663,-59.5786340838406,-53.55097483062832,-20.949201413207902,-13.512946343237786,-43.40750993180902,-40.62125186291014,-38.14238906683606,-35.458539007170174,-32.669840454009034,-29.427091251326033,-27.01765124296122,11.620593086715417,-22.231838110806706,-19.811967411083614,52.658316558006845,-15.502883383766488,-13.308994781897752,-11.044403266020637,-8.880390351291709,-6.8554041524757,-4.76870864056707,-2.668538600283,29.70309393768548,-60.73159405909928,-82.85203883913721,-19.898682447247666,74.44108071750816,10.208303292290893,-7.032972496303046,14.392576041009477,16.453680578919517,18.427039566926112,20.44593393924957,22.45872081698242,49.10040293075144,35.22041740469081,6.448223250049068,27.74431178957184,52.636897966969855,49.28161516786213,19.171412915396076,38.24671582244584,41.0905990281495,43.408762461364375,45.21488686850314,46.81338930402002,48.50461523466517,50.41529995659518,52.640153523393906,54.87076592224423,55.88570988975661,55.64838173440421,58.23081966000387,56.99838155176755,54.128496536060666,5.9504690724371585,60.60447581378776,126.52428848218455,78.23354306416968,12.62156119597239,6.283048454620257,3.1957848556431827,-9.673363100970562,-18.063186615099767,-26.88094634408793,-36.38424709429188,-48.69843882176859,-48.335511867871446,-58.73517967294089,-63.854423590901774,-66.01943395505529,-48.553264032876996,-132.74559891189529,-70.5470387322434,-71.21019151196742,-68.77733900909166,-67.74223014912066,-64.76844666687887,-61.202480943418934,-63.719614374000884,-99.71279608172108,-100.4292599090204,-96.921682056995,-53.28873174508408,-1.71333972495853,-13.442785819924211,-30.59581157642674,-30.038306178866804,-24.634845077805068,-17.724530499194287,-13.050390529393553,-13.759806419650886,-6.236967937116084,-7.27338888988173,-6.2256042114350425,-5.77278473511884,-5.41567933268459,-5.006883798188927,-4.6069413732031865,-4.578106954080759,-4.763313349126385,-5.103347552526179,-5.597926590318128,-6.1785867768386,-6.6874337531664665,-6.943032774937741,41.08046065085318,6.228365095137178,-26.58064442374007,-4.053011573393633,2.2755181673478546,-38.289758664452165,-13.94509170296213,-14.651093645221984,-15.816565820040154,-17.394259574988148,-18.69655219978528,-19.38758818912487,-20.871886085596515,-22.393346449722877,-24.056159702778587,30.3992915887178,-26.999550167738477,-28.75871192762689,-30.44153192895233,-32.18694099456199,-34.081129807873396,-71.16139962561738,-29.0224270992735,-19.330541300408015,-28.961272274630232,-26.895645878915957,8.601625024394252,20.18502855372526,-20.51426868428416,-69.67207336491356,-95.25056549177845,-105.74287559936556,-111.15540570429721,-77.87413022446117,-51.149798449459354,-83.165877520223,-77.4522628757507,-83.41052862191555,-30.764535577236757,-60.295878839621764,-80.19849263142714,-16.023534935618954,19.103506135459156,0.5227308307498788,-19.26339281926755,1.7397391005703184
37.945805417507174,32.10191348197077,45.078276031685874,38.78523417084671,35.5142711629814,47.419277991555006,29.47905557254427,44.738446018968176,43.50026065157112,12.490118288676953,22.43307278918951,36.7277467526598,37.69991191841959,45.93346869393693,41.6622090300154,42.39489917127298,50.231581294437206,92.50143037147836,109.6329867368102,56.00579051249224,-35.77227527861214,-10.024127944368502,34.54007700862985,97.96559504295305,73.16141245973176,23.66493842488444,21.822622375931587,33.70136933405615,53.2144536189233,50.6404336021742,77.97280484482053,30.284765100347613,-13.699924742330722,-42.342737608236575,-61.19520150486608,-77.88668709228568,-72.01813000348056,-10.159746718199585,22.355397248580402,2.614266463439435,-59.94130609842205,-46.34888460347463,-96.31051806298092,-66.49113504695694,-34.402981116990304,-15.308432916170545,-25.172677077938715,-28.4973783676503,-40.26582912945344,-72.10480546329109,-76.54291280907177,-45.52982683767357,-42.59277118952663,-39.97598515459899,-37.09882974086412,-33.99865834526395,-30.917597426005614,8.221066132909982,-33.23269271073241,-60.32010649939343,-10.311594392463121,37.1792639524615,10.763893656883738,-11.214901332982748,-8.475359176489661,-24.44477863548218,42.2544093777974,73.22519367152177,3.185501819246184,5.32636734693952,-28.0819152517577,-21.231344190691743,-3.226088151462875,19.82019200249283,54.20846290835016,64.11432880098414,28.314820162419892,19.321386206718117,-25.33540869976855,-0.613438192977128,28.614914826263202,29.398061275996497,32.8720060269045,46.05147911356539,60.62805766655917,43.17765414267956,36.881276655266674,15.749531600258251,34.519715079119464,34.054830391415294,37.729860524349704,40.28867705726742,43.75519366852626,50.991937495490674,68.3211141827228,69.1171646535611,69.5722789634537,71.40886981533879,68.27463231296633,73.21990026338972,65.3033255665381,67.93131317669662,80.69554254893967,61.69305410590596,40.62522936601755,20.491464307199976,23.416515166388706,48.501884084166704,-7.486503674099595,-19.15679121708206,-31.613602725820897,-35.06846374921963,-45.02195222739118,-67.1967355876996,-74.23643407746135,-72.081943093172,-66.97894891193401,-67.98790937384432,-67.84300082158842,-42.46418037209196,10.160932526550368,-61.7809228151627,-59.16294873940388,-56.45301976959857,-54.74154095365492,-51.90939399667505,-49.15945331011493,-70.24683424664738,-60.66138832520511,-44.16656793099855,-27.447029848560078,-12.680236319583969,-11.97536507779671,-25.827047616574077,-29.16448725961854,-27.303023649074007,-18.640521992132108,3.7194096021027026,-21.45888469886998,-20.28056960824145,-18.554592125122788,-15.641324417303409,-15.049846027747854,1.0497099259414426,-13.601781689300658,-13.15668860317834,-11.980881824768577,-11.53482106365097,-11.144145494791282,-10.470682923289885,-9.743550299189895,-9.217479937307903,-8.662046710528806,-44.06010771823162,-7.186648781534132,51.678590252757886,25.658294727287284,-46.978170544157365,-36.951444177797384,-5.760875222378758,-9.716139831576264,-7.700200349008526,-9.402543016921953,-15.0050420918258,-15.50868454756521,-19.826507958602633,-21.63698415908337,-23.85321008296745,-25.592979494821734,-27.21069195797753,-29.634791299694285,-32.073999977543224,-34.43425876839224,-36.871984320821184,-39.32439151093436,-41.7070971008435,-44.176014958325794,-48.28749427353216,-37.06659940160205,-68.41149140498237,-111.94650006894744,-74.59368679752697,5.268459808312855,-8.478098857645818,-66.45682105397054,-68.4714085298688,-70.8347710085796,-67.10208115369169,-62.99475311103838,-72.5470989798043,-56.13481913919861,-77.84573373007919,-91.45835553815141,-75.80466083428337,2.1047902039736073,35.31966250445021,6.61355280760381,-11.220505483626312,0.0035671063741347098
72.27814598447571,48.07215634318018,42.676000893291615,10.984962078659692,1.6930363486105193,29.118744580291377,25.873618568945453,44.914959909149474,44.15097959717414,43.47368195844449,43.242758338788725,35.807058701269455,75.59435160846942,35.7847683023532,13.007637720237199,7.860477360965916,51.7314484273129,128.11327532443192,142.6264416638537,68.54404462815273,8.910402508198786,13.7107284863514,29.18668903696198,61.848953197393485,86.66294873037577,51.132530433753345,29.527248199260157,67.05663673073968,42.62363918928634,22.61164691893282,32.06823222947878,51.756723687874,-5.749875791413615,-16.903914370624193,-11.378739409648006,-0.7765403972043714,-48.561038667292905,-107.1551337252281,-70.32194794043244,2.1540457516189235,-55.585824778149885,-58.426011536328545,-56.2266636698818,-60.37052996721516,-80.50675952510119,-111.62527743036526,-72.65141507555563,5.115910100028032,-7.365203673599808,-58.25613266898881,-50.44681027025521,-43.76408406187838,-40.28482617943874,-36.80429433908918,-33.51892144891167,-30.160415419001225,-26.634285251038648,-29.092735210478168,-48.29251271764201,-22.368382554064738,41.17902503598112,36.58244507019151,20.945799051445874,1.1366100592040311,-8.836835016283601,-6.8188946012862885,-4.978421110860225,-2.998850007209967,-0.8973835799970828,3.240331227808312,2.4739688563836353,10.474436929864169,1.2503646386612104,4.486438657921553,-7.407576305813109,-3.5808867946669807,15.399507177249077,17.088527039601217,17.76125875428596,19.505334394006894,21.39257074940869,23.294177796084853,37.99189069653323,27.52950016671207,17.999158085000317,19.944780704341156,48.578050721638874,23.47502344864347,7.774112693332995,37.81137631753128,39.395201245788,40.7931179870796,42.571931457308594,78.16110773885782,45.64311793322719,55.573548227864194,50.823719536945816,50.3431244911537,50.7805719163643,50.8679655641719,50.208003913356265,58.6445501786643,75.23904698894978,37.643126455566744,22.739845719788946,86.74563854863845,102.23519775988962,44.895693472997664,9.133875573638988,-5.030415026516039,-19.038880170086827,-33.85386449444832,-45.03505217619613,-112.12194354418261,-71.97128701752933,-74.36376532594903,-83.50812449228803,-81.60022614240415,-79.43275187108539,-78.25422779011299,-74.61459510791161,-69.92262647610568,-65.26369558117736,-60.803806569507486,-57.11989673107749,-53.7697424140525,-50.40594218342194,-27.216420864889415,-43.48442546431497,-39.76218980833755,-16.513196782262867,-16.52121518058175,-38.47572694120265,-30.99645020366367,-26.64732238022718,-24.666617575204313,-0.8409492677847084,-19.353916226428453,-17.74904703284585,-15.5019554295949,-14.023539956180144,-12.318926004329128,-10.95244139390526,-9.374034596823272,-7.902544980391774,-6.858548224837676,-5.893171205351962,-7.630364941643803,-5.6398772035600775,-6.020266745052487,-6.1897730498655825,-6.048911488058372,-6.091479424920093,2.291606858558225,17.573389592918602,22.769108146776944,-10.482705230585452,-46.91708099160144,-39.04024190749169,-36.89029017848982,-38.355218108982626,-11.724188342753507,-12.982739680080641,-16.490988781035732,-17.142317198752345,-19.043610251703655,-20.345039790499058,-22.200401543558698,-23.861853296215358,-77.29381101402987,-29.277417497750747,-31.621811389345837,-33.645532083445445,-35.351691840211345,-37.61697746227006,8.517157948423119,-42.833031664124945,-45.6739654844628,-109.56306351937155,-42.69576512434196,-4.672872797715627,-71.4805007507548,-111.73473490045967,-68.61094219252482,-46.801193210708334,-67.13728290842943,-67.18730333832838,-65.80619073099092,-66.12162197734501,-65.9465567418997,22.506365145884047,-38.58203792269069,-129.93937226974276,-145.06645998069638,-72.7532121682816,29.61087538508491,33.19722444697436,-26.873591335540368,-34.7988697605233
12.711492943861344,49.27490669890751,47.040267352604246,48.434875919797136,47.465211167848665,46.56696905367899,45.70802717132726,44.892272899999725,15.160082604444142,43.402615948585364,42.73120439846256,42.36687709419979,40.77869060603844,41.327305172398994,41.62237825043395,-16.99805159111517,7.083382866820102,85.34500641164414,158.03994162224944,127.65796635553579,73.37993517774385,33.42525317534273,-8.911999341786213,-24.762227581776415,41.22235162939796,89.68323381285359,45.39677493781619,-14.058391251969852,0.33070993146191086,37.40170388570823,96.85313101772726,103.86131374129718,17.775781056130654,-83.13614011339996,-107.93298183993329,-35.47942699838677,18.47991121967152,-22.342945581605818,-29.13390664636472,-40.49438120747442,-45.98409452359368,-50.44022334860672,-52.47009626572809,1.1808908860461997,-45.37892966379309,-55.053567497115296,-70.14421686572405,-97.3693247312824,-92.68765980344983,-38.64770037767448,-34.8719068870936,-43.69040672400784,-41.29376719514987,-38.989896041536255,-36.50821255282662,-33.62416297355736,-29.68756886216741,-41.21635230482798,-4.116961384180627,2.2254533239856755,-49.62438577930061,-63.579903456233296,-5.65386100185151,-7.407801549755931,-9.873016151666292,-7.783669531503392,-5.6282543340796,-2.641449960443367,-0.7392936759406155,1.227061435648821,-12.267243682899448,-3.64235011518781,14.012333557793227,45.06979374535524,22.325656936935047,-7.217253049286455,15.728825893013294,17.75647133333483,19.70656442993358,21.6214238985785,20.42405347413684,23.336518463665257,145.72534941645836,28.840831352746292,0.264739507459808,-2.0985127728824864,-1.5066245651723875,5.292309413483963,44.88548563751186,48.05470295958217,50.35108978669831,51.34623057723121,53.40983272364456,46.90396076659147,44.29620144577643,62.77668945416255,58.386968216326224,54.73847017763255,51.00423608823269,46.243016048680346,40.6579990409077,35.05349491393383,5.282462829944052,51.532848866537506,77.39804033186238,59.59818276853048,9.855640951380337,-38.541038441198225,-6.238426754510272,-41.997651329055316,-19.07513869098335,-25.553231021609747,-32.02138203237297,-39.73028350309926,-45.004103348294734,-51.591150569502986,-57.48967790166839,-63.591722327249784,-68.86967980034262,-78.3623557971722,-79.02481918919541,-79.45467027835853,-77.96052751709233,-69.57100561874722,-64.33793129966264,-59.63633817346624,-77.84387600094306,-59.52717728105472,-9.488854439746362,-0.8747505337440771,17.093114553627856,-8.622745674510043,-47.459051287847615,-28.96479046407049,-26.067930324101326,-22.637407622832526,-23.43054388429495,-22.428996873858353,-12.618657297657165,-12.197579087754441,-11.348848773675893,-10.803280396285885,-10.214167124638681,-9.479317617348606,-9.098434184302498,-8.915400137324653,-8.79049822724209,-8.810902870942712,-8.881256302149428,-8.789690220026309,-9.401522326773865,-8.501886175344982,-8.609255029349447,20.347314846523687,0.38288760132672905,-45.49420078602304,-33.784324461961205,-3.899044954076089,1.4712285672599634,-16.87209735268641,-36.830919402881705,-11.86811991498212,-12.537645850361663,-13.132448848272524,-13.460964265987593,-47.56539534156809,23.151254577831423,-13.446896750813764,-13.558603617320802,-25.112746131608006,-86.47366496203574,-29.563577027687018,-31.509290957062177,-29.16136332134613,-33.52432307017966,-36.67180508309957,-40.35459788769839,-78.50944334202549,-74.65862593791144,-97.6820167769838,-82.5577691620665,-49.988292311931495,-65.63238612923487,-59.167428336726516,-58.67075060095354,-74.86245956959651,-75.22871755778006,-73.8767746833372,-73.8522269952237,-65.95297033668339,2.7150735622126376,-24.30750594179335,-83.35572146235882,-93.63262153721553,-73.51319209076678,-59.69897926413431,-21.087938528917675,40.62210147750284,75.53598780532383
52.02945513972806,47.66229559055563,44.619970789499405,34.25412495364617,46.1078510656905,44.43002804818039,23.491401438304365,29.5352317238046,42.50031918821829,38.33302632532195,34.378182111618,29.97929379264137,33.05184895709188,37.0542210056135,39.44032815148529,39.5465444294573,45.81672651778712,58.13173151827232,79.68860653509364,67.24738533932464,59.84353340852931,59.744732577172215,60.639059157125644,60.76979778895162,12.832372248507454,-28.453824285386645,10.21191397536586,89.42783654492496,96.00506211094307,40.473533269117524,28.738612279610834,76.094159506908,42.81074231884941,-36.04934763395886,-43.99202254105717,-47.969712879099234,-86.59776015154603,-96.76144919973194,-30.235248966348536,-8.878723608278506,-19.201299028447636,-27.01688423055657,-49.47610837402731,-68.24752533666765,-88.28697814635552,-61.79148285911515,-57.29730687144547,-77.31611956139818,-52.765142920508424,5.200743536714981,-46.24232028923289,-33.29232346526942,-40.59392674213032,-37.27957260293181,-34.239273082614716,-31.55673181716375,-29.0069541383248,-8.179395272399233,19.035320295796623,1.5110258508620973,0.007925244102068518,4.3573787797904515,7.007315675132759,-37.291101715079094,-10.626986779542108,-8.264660739237499,-6.476677587120804,-4.242685640255303,-2.1109818664694586,3.012317030184704,27.51499112779632,26.809318505791573,11.001727257250877,-40.979156766072265,-19.488373014508852,52.22193207404962,14.90176060234758,17.052848103302892,19.08167159490945,21.156998694801004,23.130039961820714,25.123453040232775,65.5857416307972,74.47640503176672,31.339384402889266,50.95013688074687,-11.381086517289532,37.2989124372779,39.232076054807436,41.21236952672742,43.16961987285227,45.1252079465695,47.16641920549616,48.85740701494602,50.43328748839271,33.0510073630021,55.98237351787428,58.45437048070835,55.02296619177509,52.26049917418615,51.45319895184514,45.30849701488205,89.878698647835,85.21380707018554,62.93472064666366,34.80832072453359,39.72847055495447,3.448488782023105,-28.189942127732593,-9.954135039659832,-17.039506728376352,-24.750329523835944,-31.241599259085717,-38.87965801184623,-46.24897143092389,29.20692798926039,-58.16334216962056,-62.628194605404076,-66.94407809998336,-72.9236373237809,-79.96451458235748,-88.73852035437966,-93.18732839155072,-69.61090801665911,-130.55948245793888,-70.59141679537515,-66.00064274361677,-60.197875546352805,-10.122285012605971,32.658171253709725,22.226290095437435,-45.07082973702745,-67.28975920027051,-57.323486625595365,-30.58007620388102,-29.31013250320605,-26.709875149316645,-24.931457355367527,-22.89100899424001,-20.500576483280682,-19.05468511040553,33.68680276154623,4.344016415528813,-47.286317999914445,-11.146956105375246,-10.182116775636004,-9.211747868368803,-8.982401981277295,-8.38236212695804,-7.911256663582286,-8.392880683007503,-8.251916994654366,-8.637300041844782,-24.304801605080684,26.102693080383233,36.36319243118396,-20.990513391739114,-56.225939162172324,-3.772064777801461,31.142989187417925,-10.177709319734085,-11.615355374573824,-13.140196770694011,-23.220220176044222,-64.02619538671593,-18.20375692634525,-19.163492818940128,-21.23599370308878,-22.81820862342893,-24.709204395004605,-26.889329400120218,-29.19291197686698,-31.728232529866148,-34.77561963844741,-37.222714760366074,-39.62233397663991,-41.978835299253205,-30.104259323485962,-40.96306391117207,-52.09401459036644,-85.18766370701132,-86.82496407127701,-65.3632429974503,-55.8300352180803,-68.29805991196588,-76.19974041921346,-78.97222656569839,-82.53350761476474,-87.69738003034905,-122.52498705107348,-107.93783006228057,-94.17681301760368,-73.21945472916855,-37.041112476125136,-5.68564969859483,-4.380420254238288,-15.214268363675274,-12.879417975283445,0.0135406582695623
37.33078890713614,44.08476838753583,40.16559791710037,45.653334936410765,52.09254741858837,43.90632838228878,42.9604913619969,42.19863875896036,41.49800599439274,40.86145395026371,40.28985841585661,37.27446621649107,37.637606007531204,39.01897879750399,75.68937133873715,66.16393290681958,43.00747910568907,-14.479114263305291,-22.071863145576117,50.281571950258694,83.09663798874931,72.8502876661187,61.09572052748081,62.70523901372874,79.95350856320425,55.81067659395635,25.08908025775918,-13.454932503305827,4.761655766558761,73.73725211726787,80.66053788008878,7.880948886381702,-32.87809318431391,-22.850789076333967,-27.929173859701564,-28.80163251593831,22.714015243511312,44.76999743529541,-65.74777193431146,-148.518233082645,-105.74890344902269,-51.404959410754515,-14.036224331238827,-54.161276087172155,-86.34338740907071,-50.706838800190326,-28.561626019914996,-60.852081366664606,-109.21586744224157,-94.3142665577293,-44.705481482342975,-17.70834463387905,7.989417731958724,-34.563222612660496,-32.0791503929845,-29.42818000810263,-27.155060532766157,24.414842191041316,-21.697461825302526,-44.536128733863166,-37.66480196667817,-17.000933688710575,28.512874438915787,-10.72336508990459,-8.469266502304407,-6.300114638984994,-4.283399519477484,-4.16242128390877,-2.3255416830078133,-0.37019685731469565,-7.6024337506157735,2.777023926521906,26.318389101045454,31.983124657386625,16.854818277415234,6.9457576662183556,12.900086568319495,14.8425835537237,16.648473131347288,18.476859623286032,20.31769354554389,19.57539914753238,-9.943636766478448,25.741802516651404,-17.76507804224093,52.654324082335506,54.44032857212824,42.01623256511104,37.31991168327468,40.04961683675535,41.65008061661919,44.58842560043249,47.465469159211196,50.1043268141599,51.975626496169625,28.73239218863864,53.116176326412685,53.540144921498886,54.2301559066652,54.40585534129465,48.332890694301476,51.07786035223944,12.608996384317777,23.832523286223022,58.10910469452028,95.12907058086921,81.4603916435276,3.6987840655629043,-34.24451236977211,-8.080851470530206,-16.413753361296358,-24.04818206853298,-32.62511183724695,-41.69482209270973,-49.79592779749311,-118.17746195975167,-63.63524434032013,-69.05746482372538,-74.57786659732395,-77.01632552197667,-77.67127031139455,-84.49769949639978,-96.59665963792145,-79.9478287292053,-91.81932921268594,-58.11886372986601,-53.93184860140252,18.918174752113146,-14.155807900428044,-58.88211830614998,-87.12407667820594,-68.77024212261722,-35.71031710343959,-30.186619411826314,-26.84682775517217,-23.50674253191329,-19.882968432736504,-16.93269087156476,-14.904997532214011,-12.59476947818446,-28.394974151727695,-42.72699735210108,-6.869942993214551,-5.176974116350422,-2.845170968175367,-9.691295843282877,-8.717333852964629,-7.906726608450091,-7.520457693976653,-7.035220207200897,-6.848633882684014,-6.683884990501409,-6.287778264234694,-74.0202967100879,-32.90395362871368,19.045316319723952,-9.633749337002818,-1.830825904520907,-2.5031686102208255,-1.5867025479984704,-13.145909652951644,-14.2391944042474,-15.691072817820086,-17.246377214752798,-18.363383995177692,-19.606330173658982,-21.159861477762348,-23.000794458227446,-24.92955339080781,-26.90943665637643,-27.846167867350417,-30.108393716384256,-32.142744709107916,-34.12864876244363,-36.32303443782118,-38.38510740999426,-40.423841769947146,-42.15184984297011,-11.569330979861547,-4.9437014637418315,-16.02671159298984,-46.96709684543339,-106.48332504089149,-128.20708220316897,-60.415765077414534,-64.9979714403639,-60.96164233044513,-70.4212692902193,-69.14315731397815,-67.52537137950176,-113.1028330351736,-102.53297913648557,-61.77835396597129,-46.97782483271155,-63.70019460151116,-34.86897663999025,36.377521428014916,67.60692758986715,-16.979276460766414
8.383729025743833,44.77756422857979,49.63063040150336,48.63932902795459,47.679131700307735,46.75335119869014,51.18475114008014,43.12845161013212,39.00727453607533,-16.178987390538623,42.940978751419436,42.29869826225977,41.71158213257745,41.45979131578443,41.11308198772955,93.55915178548139,31.57363587038526,-25.41707508720856,36.98482828584474,42.91450716867075,-9.614726323292416,41.70577621233876,101.88933571508824,103.88854413474837,27.158888524675604,8.139085394614767,54.854513075580826,54.98172501935619,37.64509221078356,22.746407762938816,23.08406996321844,-0.8242529147328241,-14.386166819898335,54.611601805634564,84.41283644488931,18.40752184140092,-62.47907088732563,-87.60944151126984,-72.78193742514986,-79.29582685690013,-90.0414076500241,-50.202213575218906,-49.92695619535742,-67.9096722909735,-9.607327183972757,19.96880467232404,0.18684326122939865,-8.341434009047077,-28.25290308445028,-66.1838848206636,-90.6835590759872,-43.39714158001373,-55.34697663695306,-43.03117461340935,-15.540770789194994,-32.27907445841916,-42.44471933125715,-55.32509958934679,-91.4620816385634,-76.65241280569944,-9.532694179759346,48.13382018219863,10.276836639021894,-12.58927716183598,-10.620802887466155,-8.65243844634304,-6.667633162165572,-4.674607143280966,-2.682280410263118,-0.42324144467878,32.94291426273571,19.511485000035236,22.484183273064446,0.4549220080903069,-10.341123646871267,2.9790724335011873,7.686042901199741,15.314164272329691,17.485804973704802,-51.53132138765602,20.99343421316192,-7.092932297421839,14.486952549150033,50.389450315165504,90.44203750793031,93.8372304767463,42.32647164479749,13.148816769152859,40.25543495111735,54.96617814313464,46.582045621971474,47.815290779445796,49.432142932588334,50.33372939611262,49.392380686794496,52.40788280488164,49.354146505635796,49.3492117367886,44.26182982286309,49.33296511025189,48.51703364403396,46.859075538725364,64.53869655329163,36.87791071855037,-29.835458487325013,31.931410306739963,57.939008162702066,14.636553702304354,-5.944376073208559,10.15201664936086,-1.4315174552411918,-9.967091408881885,-29.114165881698455,-42.24453146536564,-55.507892807765074,-63.80714938030991,-74.41213795767862,-84.06349894171797,-74.3364280685763,-77.34974029646148,-79.05379482149038,-71.52130112948703,-66.51058209658771,-62.572035891679064,-58.67800117998826,-54.92774905876573,-51.4891903746709,-107.43304507329412,-78.23821477674937,-42.01908319985337,-38.75482717803308,-55.344707883010415,-47.510564599333065,-29.02113362695212,-26.015325451119594,-23.1909161152669,-20.36509296179264,-17.303243317160337,-14.190593152366148,-17.03900611853541,-21.20177135647009,37.899359200130675,-13.187426243252197,-11.872281687699356,-10.519061958233937,5.27519039526149,-8.646854060719434,-7.983506824665927,5.07295485139457,-38.798893250853325,-94.396476399726,-6.265134025280771,-35.40459268036784,34.042759149282574,63.88928169706304,45.63035038791452,30.745113005360736,17.31229947411824,45.9690169077835,-11.721733249586848,-12.792581458696993,-13.9893702282572,-15.683346933881566,-16.744370592389224,-18.272096207170108,-20.592464819459153,-22.322110694238802,13.095457323509436,-25.063422823911964,-27.498720867041257,-29.781818593656126,-29.903852025623337,-63.28245734308666,-36.86530411201372,-39.12883623553405,-41.20933081330823,-42.62437840760157,-45.504211499489855,-40.458008728774395,-30.18263957839696,-41.03261039570636,-45.377916378535474,-57.70415493886617,-87.30953326163194,-64.26201118167916,-66.99709249207393,-69.51227185727141,-68.40069995658287,-77.44094349752528,-74.3950019436179,-55.01761729599366,-40.31373656098549,-66.81760552568826,-66.06710120781423,-37.2890063119994,-17.93997039327438,4.502989922163579,34.898597498525305,44.73448113652915
28.286610529939253,17.36581858814128,49.921320225436446,36.34133607910644,47.63711906719875,46.55755998552144,33.824666707641256,17.26741044833193,34.434160912295944,10.403481998331017,24.88285889849442,37.007730414304866,38.745404258487184,73.64954629279953,102.22526143557302,58.91384206114344,-6.013209593576903,-28.298516293532202,17.6073330204581,80.9506613192334,82.37319224421708,94.72814346863487,102.12738592223218,67.77369477747652,-16.914309753451562,-45.09884898394421,9.563736664947555,54.430768236897165,52.170119549743276,43.67002787035932,45.242717616442064,50.07997001858371,47.32196102478679,22.632215398013386,-10.594987315595972,-36.843361449187384,-79.73508682162992,-91.23738692733673,-64.86390656102685,-33.0855996415022,-52.745402894477905,-55.412278158310414,-59.47962515801346,-56.476610989926655,-21.434278390743657,-45.06707649046467,-71.14702815079136,-90.43199513308491,-66.78925113187961,-40.572495800879096,-31.509789527230566,-40.38553859524073,-38.10828338922019,-35.724843703533935,-33.32406154252111,-31.08152684522848,-36.118641989219725,-48.2597424088965,-58.5517907208573,-45.54704131432163,-25.314004736963625,-21.143419402774242,-16.236987849071056,-12.599805045920021,-10.03819877849466,-7.915289688637131,-5.247726065787305,-2.6455012692267843,-0.4292029792835308,1.83767218263759,6.505233257734744,-25.93021683146003,-37.29462759220121,-17.868058544598398,22.4710382241783,67.33733229889071,16.382259989955884,18.518816033216638,20.202800216638693,22.618303764948394,24.472009940004142,26.37329007391513,36.04909792012404,38.52447617046022,-1.03333955400376,-24.425873422073437,35.382765498592576,74.1387506103718,64.72776230223553,24.052240848775682,41.4614065903303,43.71899518583571,46.05772708435356,48.55338125723499,51.24504239436233,-12.540672805376289,69.01746883052965,56.34538802063802,54.23421318605785,54.48356163671369,54.29326231845695,40.1435555605575,30.07209697836697,12.345027080738362,43.730705744535044,62.23994999698539,75.40717995798013,38.30135820612077,-5.3948418252468855,-8.864146117621715,-10.794279532516157,-27.327871696787952,-37.484153467333954,-55.00753101930792,-59.05126788594583,-64.26567041345484,-29.92320280785475,-50.13848590966904,-89.7615271757486,-76.70913004669168,-77.75675713906162,-71.44581211881679,-68.66302796440006,-68.93090068047232,-65.05368656199498,-61.83038382816369,-57.12087303642514,-109.02055153730544,-84.97762590101956,-4.958129374900636,34.170105453319366,-15.392885012931401,-53.9181861575596,-30.427382902382305,-26.533782280799045,-22.65142746189173,-19.05574072463267,-15.417175165145593,33.25711331594812,-11.531529419463865,-10.129731022339996,-6.70958007132694,-5.735593885320682,-4.61252182853238,-4.762792578855294,-4.798658247321487,52.77688717070487,-3.470100803603314,-4.2988549559264655,-4.099326557209274,-5.287411760213011,-6.69152624582464,-7.190194716635901,-41.67442632693633,7.751285893670683,32.793101688281695,-8.189605332826886,-44.58318127153359,-32.622702675041864,-20.38432969829762,-13.969863337976214,-14.819550169132569,-16.121956779257204,-17.075287314421317,-18.921731014211105,-19.760105874769742,-21.270792010862984,-23.189175711604122,-25.21524097355671,-26.695673797490414,-29.160745831038483,-31.06332270835476,-32.749137261527096,-31.44648426662519,-33.89053697457277,-36.55458714074791,-40.41166238569576,-43.13947549456185,2.5094437216733922,-29.796426894288743,-76.24660151736079,-53.49905399425961,-42.29903472620845,-69.03414491942999,-76.49303797838556,-67.16273398698331,-81.83237319655746,-70.06671404124278,-71.61454767155193,-71.79303345697564,-86.56717598431624,-82.19403273264197,-52.27891737118031,-53.549216435639664,-101.57352697412705,-74.56446009140359,-48.69010121953761,16.677382572856004,93.36914871860199
2.659599802947696,52.034076255983486,50.99192363206004,49.98764942446849,40.116641004347755,40.55149761125899,40.854111808125026,41.157235757133364,41.57046616750792,42.063837754080666,42.71407294931262,43.26419364993776,43.16014212624398,17.884543561921532,16.342827136467804,29.482448858095722,49.885193524418014,58.136754456504605,56.0911240857091,56.52613122268701,59.63587697116327,88.54858967057794,93.63690269275958,26.452388420419993,37.498694664678126,34.916086234188384,62.85188525245849,115.30440342298277,83.75257741275755,23.94433887010109,-5.75991787178009,-17.426423830631393,4.441982134401087,1.6790773274452135,3.3043378507550187,-3.532301885299603,-42.23571510401325,-47.488608200714225,-19.12447441781046,-24.119894529079374,-76.23522929971341,-124.91786298985744,-57.66576232053117,-57.091487269137055,-20.79807827264088,-59.16190071274559,-120.563507534363,-112.63581784919643,-45.01315806705588,30.318965447194387,-45.75402170536634,-42.90808752093838,-40.04513948092247,-37.184071409100284,-34.268515923276084,-31.204780031033806,-28.718923409270218,-44.004550821603516,-31.217352835235488,-4.092586718902112,-5.415138020919585,-39.768643721944784,-14.901266594151366,-5.897424959756023,-5.097507220443163,-2.158056357922476,0.7123033590218313,1.5341665435643392,3.4309124179869315,5.598527291229203,28.27389750448492,40.94270476611291,-0.25206180667328226,5.098168062252171,46.696480213751784,15.829855430173694,18.0492002296552,-49.64369889639954,-45.1042119788832,23.606723337731992,25.365895708040213,27.198814275946944,72.1669211875942,66.71074920677916,44.66385717949561,33.280737727539076,6.9869579367561006,-45.393381855315056,39.34655194416175,41.14982548746232,43.48539890689114,132.13928727311122,77.49138186168238,39.75891431411492,30.717108725795697,52.57978059065127,41.681823631678355,48.54884514590884,49.84796721174558,48.606838614414265,45.999509997952984,44.344676086174104,20.54864281430082,15.295086383614262,52.83270131953259,53.981004995161584,33.54709583668864,13.659744034119967,1.3458217023543853,-5.753123309935802,-15.577795675543882,-24.87301683540784,-34.35122805681266,-44.65678723525315,-55.62991236270699,-65.33020828416176,-75.46894272924919,-82.76467699891879,-76.7689941567564,-80.69097402498511,-87.30655001740351,-79.16054300522126,-81.38954305524476,-43.00382979490939,-30.922685252889437,-38.17371332685957,-63.63380293544333,-88.60305140020228,-107.62462268364004,-77.19953057122711,-17.366037969671197,-16.918245333768482,-70.11781940741002,-26.668957195435098,-21.95656815899116,-17.303495286805827,-12.642325121295755,-22.45176438837204,-22.734680578395214,-17.58018622529866,-4.76125905308848,-6.745605308984551,-8.927074309504434,-11.729180384769862,-13.614013160796603,-8.405276584812292,-8.40910910617729,-8.444202175184895,-8.335195919817584,-8.315620414868246,-8.318174199214946,-8.734183222430492,-8.937851811145526,42.76741061945313,5.992699025287948,-15.101286384254877,-25.31653706046791,-0.912498968700902,-23.675352261425928,-12.244074289029243,-11.341927266049154,-11.924651900514235,-13.270769814802392,-13.906689463536182,-15.432753897875322,-16.984707553865775,-20.917145977845948,-23.16117348295913,-25.487277225344144,-27.830306831848247,27.62725690864545,49.98067569017758,-33.67020735880274,-35.73101452875176,-36.92908289273154,-40.18058925689775,-43.21901119929075,-58.49790039721927,-40.709240621645336,-52.926092462633505,-23.73831964193505,-7.301680339039649,-93.74590161747437,-156.25473595605402,-67.90901407273365,-69.75621910065408,-33.17670821154252,-78.54287192726736,-92.59319702634095,-94.42075433177303,-86.76612372342026,-66.87656167226851,-47.36152986196737,-51.506375426015325,-72.19841308077116,-61.893795867330255,-17.012973598920325,32.17347068491085,44.273586743867895
10.683023674162769,18.147550203039145,50.1747467484743,49.26169252731392,48.508587483974125,47.7158929739389,46.972849138994064,38.781729587355485,40.72295113261778,73.37365220602851,28.679899178132928,44.89301817698434,45.20207889736401,28.004440014073452,53.38505573941893,79.67687694007702,75.69869028761656,94.59659542462123,89.88549665306073,25.126903683441924,-27.1332972118293,44.20395817051845,83.26039669751935,61.91944225181305,44.411104449934555,27.332704093282928,38.40713449297566,60.96760091469423,37.668164858114324,-9.046960349369328,-26.674597398598962,38.028926354747455,40.1255779796943,18.084706947750078,-3.431734940632623,-27.825427652240023,-21.972857908595643,-15.10176961167474,-17.06603722271211,-34.027097457449216,-69.49168642239147,-65.76702295370313,-54.335437202541016,-94.32935096440394,-71.52664144846847,-52.90345967332678,-63.76929892408293,-84.78678987636863,-90.00309767745716,-51.77619042004335,-47.128536372524195,-43.179187293836094,-39.43028708501106,-36.11624672589937,-33.17147362689536,-29.887252148496373,-4.1116130117525245,35.54196198079262,6.077652032066908,-18.020347909969814,-3.7174301655361432,-22.777065107522958,-13.150972394527344,-13.509716694982231,-11.39437091065055,-9.266846953665834,-7.133402306010794,-4.974677313726033,-2.7963234096968392,-0.6161793698423281,28.71309155529434,-32.5821479627366,-41.891398150819896,-0.5448243644918875,19.46347134706275,19.019610159339436,13.512239068668137,16.340216079880236,18.533394220685167,20.449118936267908,22.683619684118554,24.746123480423208,-61.3399029911443,-44.8543071783497,71.70963604958433,156.19004213815015,159.04620721038737,28.35069994906371,41.776988293115664,45.281630155226566,46.764980389832495,49.038528011076046,51.02282165655911,52.50312990112986,53.39703508823612,53.92673511673871,54.099084548216545,55.107227244427825,58.55668466674702,56.859598585471375,56.59746296829164,44.790970954885324,57.26395930784338,65.52387188879743,53.39491857885935,38.965350592575646,48.90849907643701,17.145267286033686,6.313160789548078,-11.863780765975662,-20.859890104794317,-33.18632592293545,-41.095712316412516,-42.47146883679409,-46.481584969875,-70.46892321512009,-70.49142214671109,-69.31195423785286,-71.16199949754775,-68.2443568321817,-68.84273337470935,-65.95694232086953,-66.69374311373497,-64.50227755764783,-63.104101514417636,-60.07325878883555,-63.38404599162391,-101.65223765879477,-109.63649951222573,-104.43780341360696,-72.87914887484294,-19.017588859248008,32.51312343549125,31.494940950662112,-36.356643801920654,-21.9054583082538,-18.956675499987227,-15.511475435367856,-14.656654182664113,-12.087674071379894,-4.142602246270727,-4.3398234151710575,-4.4037383789568025,-3.771324018175436,-3.539108811435959,-3.2103127557430113,-2.714666571811547,-3.3066631732091456,-4.450806427901455,-4.970173719808393,-6.106270101136566,-7.278941107152448,-7.180121644802988,-1.2235058235792167,90.78946505046588,72.785662383405,-47.07774301486916,-107.4632772060491,-59.356555869958356,-14.528043256549488,-15.55807401136105,-16.55193950998114,-17.81047199533618,-18.85040641534254,-19.91316042321843,-37.0439006239194,-24.098960462221726,-25.888716479323662,-27.24334395888397,-28.121971535367656,-29.590632875579153,-31.103170485205126,-32.65155153024838,-29.999477547270757,-33.03846912275421,-35.70320990467596,-38.968864345456836,-41.02791569221955,4.856865841235049,-47.98766614742567,-107.35348449357662,-28.261790382088293,-4.214324732587556,-55.312978801117424,-101.8612806795735,-90.11774544955844,-79.31413179503193,-83.71799882332564,-95.43794473961498,-78.14421391011153,-57.90654084184911,-70.64173692384793,-97.5364160937383,-72.50143240529633,-18.921800833126326,-17.49638176332371,-10.4365106024797,3.9232255671950043,34.181964278604596
33.823806755688565,15.098448801346876,-17.30740023429371,50.39271168323866,49.148385783840794,47.95182975685576,46.80806597510411,45.50535886051267,44.4534215780593,43.476665553192646,42.86255956173114,37.548523455549656,40.050706320184375,41.026790333820884,43.11250879285235,56.59967052701427,32.42258906694224,28.773790510201252,59.80360136517879,80.5631898103644,89.69847626108981,69.53961505712937,50.88688420864696,32.790409323041104,31.877672207809155,9.68906915981961,-6.016982582684676,7.135290947896351,19.036109073306534,67.3621859191112,80.64214582994896,54.404063838519505,20.19302737081921,-25.077218643699325,-35.43687956863346,-35.749520896200465,-27.565078907086672,-34.96831147484056,-5.297396599099557,8.757893670118847,-44.825073686786766,-52.474713696663144,-55.96036756535466,-89.07150389219078,-61.17065182192573,-26.391393022040575,-43.88561745394236,-60.463338731995236,-51.54876115424565,-65.83798166921315,-69.17590193622414,-72.08667070361571,-45.594536302485125,-39.94792807156054,-34.386512023129455,-29.35323954404754,24.11047574480085,-28.045444514408246,-41.630697464050854,-7.476572647497505,17.747166670435945,-38.535722348439776,-12.456542127824576,-10.598100432703092,81.20257359069092,-7.577834705547588,-18.132912222209484,-10.87432939035287,-14.99906188272314,-0.13829161425790915,23.55130704714361,-9.978521749536412,-27.312253236714014,19.097879726313295,8.771487252757098,-59.785418067580395,5.786928587239402,8.817857719154262,11.416917350182189,13.674418449638509,15.767775219597667,17.9885210138021,0.4197746164745695,-19.130027280151353,15.499828798263025,35.22500849462108,51.84768630942165,69.11377674645473,36.00447719842762,38.588031233370145,39.66479097625799,13.86848036552965,46.29461959718094,48.864024188823294,52.7289661622311,55.11023350462797,58.08065779274983,61.15772377882819,63.85011683506691,64.24273459111367,62.00272162948575,56.76219709278939,103.61141844643276,65.01977447948047,2.580305227585086,27.060091754338828,94.29777464350036,90.0010747294441,-3.023370082733436,-11.644147542866222,-20.09937167124548,-30.111296116745052,-38.27027104926316,-57.870088555156485,-57.41137655645787,-59.03181853948561,-64.12962138122211,-61.36741718811351,-71.38886035623159,-69.95742825107203,-68.46110461300475,-67.7174282865124,-65.68654503190704,-62.304122731976236,-60.31345129231821,-57.20297942857154,-3.399547891088787,-41.71645534596826,-40.95892068897831,-29.4499030697786,-46.04303000178061,-77.22176093284202,-75.97812307974118,-51.090238981328866,-27.897327715590734,-22.972045696483093,-17.767763172725694,-17.581277165340794,-15.119414419445604,-11.991479490322533,-6.062905156348224,-11.118681982910616,-5.652799175989324,-5.57515556038544,-5.739440299967865,-5.737276017013766,-5.551706979063945,-4.42260816368508,-3.829027993635261,-3.250939405899718,-2.8790773019593416,-2.967224693219473,-4.350793455605816,-31.80873588692748,27.952370777768465,29.932445159498002,-15.594186167565113,6.784124706401144,20.459729228758135,-11.843863068914168,-12.686244378199426,-14.307789846426331,-14.762661489723882,-16.316822769599284,-18.17910516098584,-19.660026045619603,-21.17006582295508,-23.043720215593297,-25.08906060828808,-27.832758258999192,-29.660708480724566,-32.00686641119124,-34.150853253669894,-36.306007659818235,-38.6519444779758,-40.90617791990111,-43.07221856785425,-43.65102655000922,-37.57053110737888,-96.74189304799393,-95.35656390470058,-62.134742158119934,-30.00359236294048,-22.84949047398834,-28.339522188418528,-36.451909000086744,-67.79847578243752,-70.27284805903649,-72.90598509710695,-84.95834107753197,-87.0054583793808,-36.92695657972554,-52.84175100509856,-72.72283116063682,-46.42276729713308,-34.530544605152556,-26.102943505629923,36.95091190734547,134.9420124953249
75.86997394960986,46.1520224810624,41.32023176369998,47.02429362710177,33.568789951780616,45.08222159640712,30.666924194710703,43.37474997134996,32.181844605886624,33.68150695059578,35.607017135478834,36.869505176027126,37.564279796574866,39.13122756285013,40.126223342572914,67.15912976240816,92.61054727846727,82.04379941928369,59.40469028323059,18.150660861711856,5.876728916595994,30.35239298386341,64.73300464127624,99.79042250417069,40.570200952910454,27.93509438406045,76.55565040024612,80.69845043523529,67.3701795179154,20.727836631760397,-11.155024600734123,-48.156874163826615,-39.358899765714796,20.58998640869231,67.57942715837805,35.20377766803722,-64.60200280617937,-98.11850019118378,-30.169342767258968,8.558974665135452,-51.86829429974057,-57.91805336983222,-54.94013599933608,-58.81483916312723,-83.83762161237883,-63.397487501022326,-57.08713849674973,-66.91481965976709,-31.075084215027402,-56.125163746950875,-52.55749738172881,-44.69379639769812,-41.095586619869295,-37.25610088168597,-33.520680807679156,-30.033001969330684,-41.31172336784084,-10.149548936048632,0.736849367371951,-14.108787526561855,-9.432994406691705,-9.077233924546572,-20.95274422420198,-5.837598208273306,-2.799369185145352,-0.6345796889841608,-0.41627387072495026,1.671417392021013,4.212087289682074,5.017614095557555,20.944604811811672,5.70257312499416,-2.9005330615124194,12.969481033210286,20.73116514805804,22.371596040172108,26.838204242895017,16.34884822472941,18.095823944380015,19.81714934776437,21.53097832795784,23.253761405061084,23.653604942306515,-2.574261176127038,-19.88505070857056,0.10412090762247317,42.05450936391753,85.57914959824211,40.0873599713331,43.197299847075996,44.96160364428323,49.60001332337345,51.35815560591334,53.15950438173306,54.971962952464665,55.611000367933336,56.46983618756191,57.107547516355304,58.650276075166396,51.19394679420485,58.678799678754,103.17248172244217,31.267892453689456,13.668545022523404,35.411387882003055,60.967744086529706,35.0204279396994,3.4796093937042087,-19.184019116530635,-11.541442846513291,-20.11591692939095,-38.44195596816553,-38.414782041604894,-43.997233884755246,-50.76953078126999,-56.16141797687831,-60.33383202269644,-63.37967473582589,-62.50602994097186,-62.120433002490785,-61.74960732764022,-62.629587478058525,-62.86082128220098,-101.38862015140967,-61.01045667426276,-1.7218263966258291,-20.956766281237833,-43.24217688139811,-63.978053181178666,-74.50367617630054,-75.12289018781627,-77.6903160172634,-67.80385924513348,-45.38914239536348,-24.093372094367595,-28.445038462411702,-26.632354801930916,37.326789080455455,-24.89814772481069,-23.448687711441046,-21.659129993285,37.44416050127393,51.955658802985766,-11.06534714005781,-14.480605431785317,-14.120328971401623,-13.246923312686338,-12.77160354791521,-12.51822226462064,-61.49037514789143,-14.54238981151989,-14.081175075025005,-13.577245243884095,7.317545174179486,-43.85455662892571,-32.16870543165578,7.132686654732424,24.185494268171965,-0.6843633337516621,-10.731672584097817,-10.684605848097913,-10.249243130625576,-9.533267450878697,-9.59476560011181,-9.987281978389255,-10.955677669692534,-11.977650454296246,-12.429254853029505,8.392146183571185,-15.523923933376068,-17.623630293604293,-20.12953484823734,-23.04994508036816,-26.39014501121636,-29.84466468497672,-32.927422560963066,-36.190330060005635,-22.419153371443073,-29.36117249020066,-34.07178191526896,-67.55133598957855,-110.4075350916055,-87.08347343586956,-13.860614182198333,-62.34553466880946,-65.45840909663816,-67.77701204770312,-69.0734635827551,-102.92650065426096,-66.18407256152801,-39.22805566200623,10.019369218017118,-31.587741007815566,-67.7024930991322,-55.05688308210199,-80.70446030303265,-95.8909416282811,-29.87978443400698,42.81900929832136
36.66983078162025,36.36634567104687,34.02791948562441,29.057851495412024,45.288383580717266,34.691977387434484,19.663419628921673,40.538011192028996,41.376513285963995,41.58544479679863,58.97992764317348,40.95051142804512,41.29330453293264,41.62366644416056,47.861060951057425,17.040026927183135,-20.22659501124417,-13.09364383496768,65.07535631132305,78.43141876078926,28.951272629401046,25.072017035231084,36.501778964548976,89.98288476439711,101.93870342363289,81.48522983501425,42.52315632180978,12.42764515493218,-1.2930344083612226,17.32745181074506,51.6165779620228,65.74150922294041,12.392341882234177,-41.31121306359728,-65.05237113018939,-24.579092642545675,-2.8462931560207494,-42.99507152044862,-63.421799488958435,-30.022958814299272,-43.10879144134023,-45.52737518810838,-47.730447921332754,-52.74221482722207,-95.10523356651174,-1.1232544296167362,3.7378632898996784,-53.41439389322568,-80.91146642909803,-40.95977906632061,-50.87264045769115,-52.06649681741246,-49.97777303818259,-44.490935516572364,-39.78100518989322,-34.42740718997163,-38.207625012550125,-3.7319349014555883,31.01079195766397,32.42991848664087,14.123362611329128,-13.30462866453172,-19.386220465748693,-11.938135159625233,-10.370497436632903,22.951484069330036,-6.537714626925293,-4.381769302725175,-2.2184056650028054,0.09639973535786339,52.82014999317016,36.29542149437532,26.81103093134527,8.156784602013033,-12.112361961053466,-36.880244122017416,-18.96705742516633,15.248427470101888,59.73149906307435,19.260399067589546,21.502222674501496,23.586475084890708,24.23347027748332,60.27608590153136,59.783561397300446,88.8546215863089,99.73128838622051,32.26062898003238,42.1796330303829,44.55838773115647,46.75760198259986,76.63153315298541,51.70649415290177,52.483639491293786,45.919382198192125,78.65086452557739,64.34169834808249,66.66617109035987,68.97209039249516,49.68292715604019,51.981680516629666,68.40100144331285,69.65510619562201,84.77827586082515,37.37987646798956,-19.913495105177844,-52.584686276278376,-39.8916603677373,-46.349636589833835,-13.041891583890333,-21.598772730388646,-30.17895720334576,-37.847079750324326,-46.10051404871655,-54.25464832969061,-67.787457601489,-92.73701684347907,-98.52162192831808,-92.70849787744922,-88.04231309062993,-81.0405247640262,-74.8698766023598,-76.9144168377129,-64.59426347349532,-59.36741256279072,-54.55880016727613,-51.03848228980681,-38.27101656040395,-44.23440290169995,-73.5699352666652,-4.7650824938393725,4.368407816599756,-22.823855933036498,-12.46853242557637,-25.5245577256955,-23.74465274124752,-21.890590885109077,-19.909588991373525,-17.902915802974874,-16.14902281301849,-14.648971307888502,-13.488409341456403,-11.446474315456612,-13.691390178017109,-12.312665553890788,-9.087489177218814,-8.718080750957995,-8.409370540318477,-8.136738669832896,-7.63943293362942,-7.169671342424479,-7.116069759038495,-6.621354296600715,-14.820895950725117,-14.479356925515276,-15.093854385555005,-11.197003062310387,-19.569451935089546,-17.897423582748388,-6.11397988002053,25.87089096473028,-10.116200625060827,-19.159356909628578,-15.594926792956812,-8.598947338532184,16.81803745270031,-9.077286956004286,-13.926388489564488,-18.848076113607448,-55.38223577591282,-44.96319129688408,-29.572765323526,-32.043090527043404,-35.29571962692876,-38.655325788550584,-41.95564545956074,-45.400987991586675,-32.32485061439627,-50.891361895542786,-48.963147226457636,-16.56991500622871,-37.0326289719078,-118.91857283838544,-110.27887086404826,-73.76593039635011,-71.35659506879887,-73.97038416202477,-77.01253384423671,-76.67897505901607,-70.19199919836063,-125.41677722783152,-85.58831367519997,-53.78736408321174,-27.100895622998905,14.745770599357911,-4.145936418220117,-39.59149812840417,-12.516799496739623,27.31799788625375
45.01199247697218,44.841809473291846,42.601023623485275,42.580151163967344,38.03909814261519,33.532761967901614,31.25924455826953,42.289292588561295,44.14778428442407,43.637287463040714,28.718963140916685,33.32450998267761,38.37950831419347,39.281199925871874,43.31310218533491,40.517954079505216,100.07313099166663,102.65859991924242,108.23974292464982,101.07960088683467,64.68140044995948,30.983360447962013,48.27391897121288,82.38364918804928,55.15623806995154,28.515491398208837,37.48352665200946,29.387257912703035,17.63407982006106,15.059279908763074,39.919316141056925,29.13105351661511,11.458858321118669,-24.19722385301793,-32.57756994608815,-32.82680950775091,-21.687524408587706,-32.79664530741445,-73.25039223765725,-91.17449112353438,-64.69604334912196,-53.33765652436455,-58.09704715922793,-57.77091886060346,-115.07731867309849,2.6730838842704543,41.24755440944136,-7.634590282733143,-38.844312172295304,-48.52748181068955,-67.51155488973086,-81.39668257682047,-63.86847377250183,-25.82799451812207,-34.97515454237049,-32.51294529172375,-36.00918892023921,-27.763080385479952,6.903069646016489,-23.422645073760577,-34.512216779439086,-9.699156070648314,-14.515676038527971,-11.319321370344994,-8.086540652124626,-6.076180077830827,-3.0516778355065526,-0.16038670550000234,1.4388595009827583,4.147580147872318,10.78234451103026,44.79519214824714,24.21353472794135,-4.825783720235904,-9.611782725333683,1.0008779320557437,16.771813294842474,18.618772461965094,20.54024172449425,21.98950670790775,23.84733304335905,25.675704053451163,0.3356881385084307,-23.098131230218144,10.50939531143149,55.89276459615667,59.27835426377351,38.73401178569782,36.628031239580906,38.28557414874719,39.95230484005178,41.671118362302906,43.367433217285246,45.565588190749,47.773770080775535,50.071249273145156,51.77821108514384,53.28552591829131,55.151444370624276,55.615504368351964,56.816308515080486,49.177137087789575,19.100664426596854,64.93685379498265,84.42889737498922,59.19614204362915,35.618673778885295,41.19342946264351,7.964692114540412,-7.4587937563734386,-18.628094340549524,-79.53298412222966,-39.41701772107581,-52.83098248112094,-61.35597351840971,-67.5480011148914,-110.73098876257359,-98.18871979209945,-107.64551870824994,-102.07823295365847,-62.26308165480077,-71.92934754930349,-64.6828201579591,-61.58087505559273,-48.05415375886014,-44.15603320878472,-56.00578625781668,-66.18154655481248,-33.56136754114095,-10.096898004502435,-55.43804897629798,-132.29399203933735,-35.57972906132909,-32.35061102436984,-29.082336741484397,-25.657002022463132,-22.160526197172032,-18.474631462000616,-17.44324950549185,-3.490211106489525,-5.779803797753672,-6.613331837964303,-8.254011524546016,-6.696854122740845,-4.448586881819665,-47.58257398030264,-3.3783569378750613,-3.0838560944690663,-3.390663619715122,-3.2291051166345133,-4.291047073946505,-4.83601251483141,-5.434243796589744,-6.004566088744969,48.89774340671246,28.740692491361187,-14.693428088199653,-50.097046317241166,-65.85439306331364,-9.475937284547669,-10.36165120243271,-11.375511642209322,-14.52740705221116,-16.23908701568884,-17.458528824869227,-18.528858705288528,-20.001842253672905,-21.561056738288897,-25.22011045150782,-26.675403067247814,-28.816330393725067,-31.263342987920907,-33.2764728969192,-34.711093583526036,-36.74825392170649,-39.65282837634447,-42.61265345021283,-45.552789557575665,-70.39399377282962,-30.993599859919414,-19.060372284348887,-70.4419862681575,-83.52362986807111,-22.796390061891543,-64.33975324899,-65.55412107327732,-70.72254841654069,-70.50994656344535,-73.05575974695587,-68.27105119939264,-72.32131508140708,-63.82610413652128,-50.24618516267492,-52.761529963146586,-73.37896543776617,-42.31669691603656,14.423627477484388,41.106338143439416,25.086475673514883
65.90562102882166,50.33433957007185,51.27465489480681,50.16433885705429,46.05445745795258,48.03324100847155,32.421263745847796,45.287506554461345,38.678354770384246,38.55320372817634,38.834140533992446,38.99765539618345,39.66395565597061,37.41989574916181,21.956202745266296,13.944215193768741,11.315935058193304,33.068913326991606,57.68794681496183,53.84896352433503,29.62864591628113,50.983008131576526,77.48284429296746,100.18984740153155,55.28592959767502,36.303324376553974,70.16674012943918,35.52920843091238,0.21177081791051933,-5.6889634003869105,10.723632259114765,33.57493893310357,28.904150574607343,-5.333646784954226,-40.65280762026771,-29.83002019530454,-25.489315023192376,-75.41921469269482,-70.89645424689024,-51.00286006375518,-48.942977991085414,-49.97801670866525,-54.06369970475617,-53.78591488218634,-11.736277557563199,8.159658827036765,-43.78596016982647,-68.2679608311721,-85.64602641204033,-76.76454375581994,-62.22451681365715,-37.18211477558711,-12.15695435011554,-33.03056421145024,-30.982710413229498,-28.779795191704167,-26.48245584837204,39.45025305848321,22.11238114165576,-4.649193643105832,-36.88875644516247,-71.07021379350635,-48.48368257239554,-21.4790561801517,-8.844797950458045,-7.8047091862574405,-5.69972219702035,-3.617109126817951,-1.478823696414807,0.3484512614673889,12.98117841638873,25.525210118410996,31.748878779086,1.9026865165524214,-1.2877970251352053,42.5410147399657,56.5430455260157,6.290905229185682,17.274842409578298,18.724353675559094,20.134392938295093,21.30564803887266,32.0062983272657,37.46424814920914,19.51233493682568,24.00814815908609,24.743492071854917,73.72983214504757,36.90197526687709,39.82232295834996,42.761936461658465,45.46084096078626,47.75605671978097,41.210245871612074,35.076278624127156,37.452528720772705,56.2222252195609,53.206602248893844,54.19161423740056,54.93251826760099,61.74098777039271,53.7470720295089,56.646487273799266,66.89440779283613,39.49273778901443,0.5691800355666601,19.632509856886372,46.573492835379966,15.21722160565946,-8.389664954524903,-18.220436014599727,-24.49186379689155,-36.90785976883535,-43.40570230286676,-50.57868972078859,-58.639665262780426,-55.19504646030771,-45.313442932937676,-64.16581270263396,-64.08883735350383,-69.39680665643445,-73.10300130816283,-74.80865655937056,-77.76217966782008,-65.29284245415809,-61.11621307582149,-74.40470153583664,-63.99605440620985,-71.00678569702302,-70.18805903277737,-42.34908923915077,17.557672241475302,59.6613619591522,-29.105583228048545,-26.672187292046857,-23.883070887370707,2.387481467945463,-29.943467505489025,-72.82345207466551,-22.943713110533743,-36.832748460059065,-8.20787595220105,-11.848872969380592,-12.14077524038868,-12.361178609871391,-12.395716124712983,-12.230009851113444,-11.844102297147415,-11.42159154164659,-11.084607446575717,-10.827718134318506,-10.712444339883682,-10.513480067261339,-28.32542241931492,-25.41122824078282,-17.688965236145123,-4.388261497920894,-40.65710047772109,-24.86712232407126,-9.831565921271933,-0.18311514396117445,-2.0698495217508786,-3.979049330203509,-6.614635379240568,-1.0500987865164007,-6.043253636392848,-11.94589412347051,-16.360096649909224,-21.341377183131442,-21.207260198176982,-24.364785901449267,-27.403478940087496,-30.339320925658512,-33.46847164193764,-36.68414194929932,-39.47183444497264,-42.24350616561725,-44.764408954001766,-54.88195303308771,-70.98956462070561,-84.64499597862137,-86.95564990836237,-78.06873274558029,-28.274972176815254,-64.49461313613664,-54.45547461179376,-81.81561494167897,-84.09827949372442,-54.83714328296173,-80.37492570311696,-113.0492181432819,-140.35878879037546,-95.02037937731893,-40.103288560756965,-36.228042474530696,-32.10415940008863,-12.63409754270242,30.535126943104842,70.11005540369774
31.70918614799166,15.816145173046323,48.554062174099535,47.76939294040377,35.46185097855644,36.322145136099664,36.99300668600705,37.88037259813254,38.93813461681064,40.01074386646259,41.39385310450804,43.30579303724244,44.766392919203625,46.21060320087097,41.564926920694916,40.623083602626366,51.11674417503082,70.43869344966159,50.91886396213022,45.87017075897393,67.32305772160362,76.91359492603041,69.84312665346624,25.430792762926103,42.65805433378864,76.93972663321279,66.40913503122192,9.339322352233467,-9.359795496533252,-38.401848289617874,-16.429680268858192,34.26883710417496,26.357146233219282,-7.232241887584678,-18.895605613632597,-0.9222185649717858,-31.81537631771198,-39.54912137043266,-6.161562205050814,9.854134510383119,-26.796737994725163,-71.7654710318061,-51.42453664960357,-125.95093017899512,-89.52937174485123,-4.497988899756365,4.750942315929478,-54.170428166929696,-88.19523110866362,-86.92269726703796,-64.72338686660214,-43.54849823047303,-40.520617072485976,-37.64451173762973,-25.408263342214468,-37.165932848402804,-10.585321235681931,-1.915833703545104,-23.679267889903258,-59.237714388722,-55.50442741807069,-11.584099256467653,0.8011578678878095,2.2443530898499944,-9.616489066897273,-7.01182670898676,-4.85068748335496,-2.575684024579459,-1.118164530214898,1.0127726057429527,7.604343141464426,-17.767561141413807,-42.01793512303823,-10.287185524628967,21.65963865759818,60.49651332733242,15.461453311886942,17.526291746576376,19.577744637732067,21.59408356034737,23.662454716639914,25.48293063226754,-17.929446699479627,29.489144235176056,95.45556541770742,33.65475081605591,-3.8538153650127924,18.465151219272684,46.15938389756366,21.920712492170537,22.116964879405828,51.102152903637034,55.264242296392325,55.9166761100029,56.39254455281821,58.14546067769558,52.684071358423495,55.97834377059572,54.40063862103689,54.071968910888785,52.87856756112446,51.30010812902472,44.16548878742833,26.48281506884814,60.09990277381712,62.88653406896901,-5.727802764323769,-8.253111065057055,11.696686054788188,-13.355584447218064,-23.550415039017537,-66.50843588128646,-45.21739775830139,-68.46931616648885,-79.98904808876381,-74.06609508623532,-65.99605224421967,-49.74935041889012,-67.33054221946342,-65.82946972508019,-64.16341069371913,-62.38606449421915,-60.106528418111964,-57.44612330688044,-54.55796042203991,-51.69695923374951,-49.19383019341447,-39.60982002919263,-17.921553587131257,-52.45805446007216,-62.37946882252231,-21.842441479128865,-4.559576428485002,-33.658672817413006,-31.419854076622485,-29.219361838820305,-26.677863192381302,-21.338738583752786,-25.806988111509668,-21.12809450105385,-18.593505789507788,-16.13026756892654,-14.242217819430934,-12.639743281939019,-34.43079538501661,31.266643591874526,-10.008896807553732,-8.65845369792168,-7.3539059979291785,-6.137964657460106,-8.685522850646066,-8.887246872640565,-6.809447486391444,37.42641693090178,14.392986083247706,-39.0314946687904,-56.60574668638128,-22.99302764085155,-14.648727088279998,-2.037606647045777,-11.301887167745349,-12.471661734673049,-13.537748536628996,-14.883415233013466,-16.061129165449913,-17.11176398778108,-18.104564527945776,-19.225021423984096,-25.143551961853802,-26.860003167668125,-29.00841356069698,-31.47280388236831,-32.81387823176436,-31.426375548433697,-35.120597294212246,-38.87933325878967,-42.1762139875641,-44.14019746855263,-122.86326871311803,-100.9815743255183,-51.438580099692444,2.1490128931125128,-22.386533266143033,-59.41651429256069,-93.42411563618839,-75.23768458515106,-74.15161468498412,-71.46953686485091,-75.85171349987266,-77.76672819746284,-53.18848470933972,-20.930837570485664,-35.235657954332055,-71.71885241129007,-71.83599690141773,-51.643599841981995,-5.243111537886534,7.421095049174255,19.53797747509111
19.923864023344322,54.28124693348252,53.02289355965452,51.79429490790192,50.5985346353976,49.106323111488905,47.854404087962116,36.68914773390818,36.70994308731886,37.369843480313776,38.077177606657834,38.70225981355165,79.03156755110649,40.46790275090824,40.351668296537184,69.33803943884283,26.118077451845238,-11.758034868060577,46.145747756972014,97.52578364523198,85.1294906032067,48.38590273590762,7.322703251471012,-12.68298115216021,31.047219975383086,99.1783374481688,101.91224872236671,78.70837441343389,56.04209706292045,10.502232285021364,-25.876783232312732,-12.207732248606135,19.712658531041257,32.01725360020333,-11.202616936193408,-55.50501076267642,-59.84989779464604,-1.1939417890644108,10.152959934167484,-61.748544871686136,-43.91810606670694,-47.72240626468874,-48.988288752934196,-50.059965424661215,-23.95032931681908,-59.036091010322025,-39.49441326911074,-38.77518697095957,-71.71103569695686,-55.209796205438806,-51.977682519772046,-47.13982456472612,-46.36315081596149,-43.428214815413824,-40.63280923035836,-37.5653913423989,-36.436364740501546,-61.443274876042324,-28.15021979266899,62.04635676596308,-5.3935543338875505,-81.73324622239352,-64.4297482138013,-20.292346071306838,-10.69341747480209,-7.982001768093255,-7.570832024332304,-1.7904942772837558,1.1315552451441704,4.021487478155066,-13.43994590248667,33.98310759946298,64.01489048221629,3.2984274410905527,-19.531196188604156,-8.008182917496015,18.98785625976025,20.09977190707535,21.355552930753987,22.168393008111828,23.527152358867575,24.832265904221615,31.488321556060782,-8.409733725326817,5.721023326630757,25.37897220118191,40.78186867652721,41.81798063351749,16.266058433518765,25.4408072907667,37.697343790147244,42.00393662911449,63.656180269260176,52.219259891441254,60.05048383338459,67.32612286916032,76.01816791669069,61.329277736025276,55.882930768682186,63.90224265684918,59.33982324690072,74.10747687694501,66.03808863555525,28.727059547922636,-28.326486888933687,-22.295728468155176,41.989665684396186,61.79496893812802,-3.3077197436067536,-11.939904482764916,-20.25504638060039,-28.447868918028632,-35.38203950026701,-43.38085472069298,-48.75850375222467,-64.53277795938538,-66.82584400084205,-68.77199364806046,-61.7017313935155,-84.66550670503102,-79.6535755507307,-61.266468766919274,-58.296722880273364,-89.16382023208826,-61.579667743267265,-57.91432777023954,-54.57286457461362,-40.82501571572175,-43.05930664361176,-24.701069673755683,-30.922749678942864,-57.26134156207945,-32.15571533232733,-28.55298891216782,-25.937906214062167,-23.131521399872724,-62.690712799775014,-17.221392927671403,-14.87917088286089,-12.9182769829372,-12.101831131008325,-11.838545645411443,-11.803364795213579,-11.945627462734606,-9.750916737544815,-10.473958620269986,-10.46557322111645,-14.537046382513381,-11.164128183390773,-11.080889251512867,-10.69998105939667,-10.43368689125079,-26.206357068875946,-27.4799285217714,-10.217989314394572,7.32885804501575,-2.909005835936682,-27.872579748575163,-40.22224527681806,-10.394005069964159,-10.124608282579837,-10.880062430500299,-9.648116039540014,-10.913586680130614,-11.851697609591938,-12.443806569322206,-14.06580699828639,-15.959113147949623,-42.41671209415949,-25.121986952089117,-23.09018926635366,-26.85274008094126,-29.811318839154268,-32.90368214279428,-35.84310301866219,-38.92800982776748,-42.46872585766178,-45.45228818395714,-45.374645877007424,-4.564533296329472,-45.71917582446349,-97.671617397987,-118.66847530561557,-123.15072377772802,-77.04002411120678,-73.10912787567553,-71.10483255541371,-67.69930597687534,-63.38269125300235,-62.448702112057845,-74.99759174646215,-54.88216170341093,-70.69603361916302,-33.52720217870956,15.150548804799655,-0.18721631537482608,-61.73339922736818,-33.92416939242048,39.31710549211857
13.800152535761072,61.76887156176508,61.50834157993211,48.79629915873984,7.362939902500777,28.58396912002941,34.14131979353192,53.392771604469516,33.649093475209185,33.695720337224884,37.663248448463676,39.69587950563404,40.61350532836333,42.00046062580574,42.99707372657928,20.660817386503822,30.0303874161591,62.545661046372516,66.73718102569956,67.16363476496531,82.52074184036542,37.18538702119508,-10.299020401155303,23.73371795607909,59.41161963793843,50.096732002786666,56.15692188273897,85.57105890519608,65.56931709309538,25.581511483137106,51.776060267348385,41.15246750125061,-5.152599994724369,-27.22995440430998,-40.07393771002535,-33.38416108734222,-23.444996024516513,-11.053611852193626,-61.700348646671046,-101.68360096735034,-73.4147817433003,-59.437819792968924,-63.54197237258078,-75.5035496968996,-72.36838596838197,-64.20092312392762,-110.8365515993114,-89.90452066892067,-33.58771090923847,-4.317554268888898,-42.63808452595882,-38.55186986899898,-34.95771227161734,-30.520622529649046,-28.375462138760184,-24.52003838432421,8.074890533778841,3.701067795244853,-10.25318450439977,-30.14149734722173,-22.59507142235657,-22.94214429087492,-19.961895035140685,2.782202423868739,-10.77486965254316,-8.865734326996929,-6.906542562533062,-4.9134266265241,-2.898653522831836,-0.8685593862377914,-15.000804115386927,53.079926797706776,66.2424684466855,30.190399843742625,-29.933492400270552,11.043377828606722,12.991665770957894,14.53122029236205,16.388565166802948,18.442663732862286,20.23019465878346,25.145131129836045,43.00025526310901,39.278751029031355,2.5727729999126723,8.126561239462035,29.078393568210004,16.963465076168177,28.344017928095866,40.99818591420305,44.532857268773796,50.98272554389564,50.098917742453935,73.75514884215227,55.08699069532997,79.25288683936242,62.237283891466426,60.71436901533227,60.394930953074734,58.11027721162762,54.37920110070962,51.31495897101027,107.0744866770832,78.98447943223346,37.382895538331695,28.669244396975955,30.138992638657783,15.332108212308299,0.4757606633481828,-7.669346198651283,-17.788316450702155,-27.649324552038536,-57.12401636013419,-47.43914263798291,-57.21594509598617,-66.4173128596496,-68.48322463592143,-109.5960931755501,-77.93175759859218,-81.18766304969311,-83.31574721791009,-84.0818469211691,-81.99521610630677,-69.94272726605331,-66.43587668229603,-61.31078868213473,-55.94382522624366,-16.76020678972054,26.022223037832447,-28.228445790456135,-80.29510825046327,-84.07653871039474,-57.08025724680306,-32.30678854865462,-30.703446226099572,-28.11760480216958,-26.886034999634262,-24.228979646231267,-17.71197639296031,-16.195731809185787,-14.625760582457886,-13.10440174646999,-44.44005129580546,36.973287945945685,-9.829413127653794,30.90352862011696,-40.02096860713391,-6.535197637147299,-5.756783425104743,-5.694060361526034,-4.8520989875485085,-5.7423310130347875,-18.632573820924023,-16.594032780406565,-23.264065053752944,-4.005930107302447,48.77709668922944,46.63230497551285,-40.00717963447005,-7.808406495320867,-10.297604265996213,53.37216507447829,28.40680324953155,-16.25185315423184,-17.798699483433907,-19.418307679512935,-20.963228909532916,-22.869672110445478,-24.301974900176404,-27.33827313004153,-28.174773530916198,24.898346958474576,-62.643130534930606,-35.04951155895424,-37.21782287573737,-39.447186731555604,-41.685244668572395,-43.74010666947926,-62.634824974905314,-107.60533473153441,-87.75515369276127,-3.284911516693228,26.9252912061732,-13.352511094210513,-59.75568572338989,-67.65361511427585,-76.99785422612558,-77.43684352664013,-117.73627351009009,-97.3121353490212,-88.09195236149799,-83.89806082717769,-99.63404485203739,-49.305455649835494,-1.8623510717810063,-37.88625281897657,-35.740914905393765,28.81304275353159,76.86945695147324
44.00194851095779,48.098234715764114,43.83071922887723,42.36790378606608,40.74474534615413,39.37536030391621,38.501290976164775,37.10065638898881,35.65589458462422,1.7377884186755637,33.511947884313834,32.96222388214271,75.9621084963369,16.38216048008462,14.076936774128868,19.89427155577141,26.895810082647586,46.86519332435205,44.06676255305872,32.74163349270657,36.253854330896274,78.62784289178717,129.44519263696998,120.86486878801713,106.8950560420451,67.55485010466964,49.440188178495305,50.99854465836961,12.27710436257712,-19.079764846976815,9.911706973792207,39.54407560330765,5.66611377237723,-19.63575405770348,-13.237289797671622,-23.639263103429585,-72.03318336507937,-67.10897069625798,-32.29632541130246,-61.16045467003096,-67.00468423052217,-56.9895528961716,-60.86517305527305,-63.454374057063845,-113.94027968913815,-70.28565011399542,-39.539802208222,-38.268636632556195,-35.46950701206379,-40.305627392084375,-39.59024545811843,-42.61796540254724,-39.17092052009353,-35.681624161346065,-32.13989241141792,-28.599214704279007,-25.22193959559604,-24.4889427851123,-71.52504097380188,-19.29781602803098,60.9253886843901,-1.3522651573457551,-10.68270419140049,-7.900369477438971,-5.9067193363806325,-7.362460469810415,-5.30443415301518,-3.3668627986645845,-1.2124597469763927,0.8240956188659112,-32.00065324452538,-15.884546663759693,6.417895984739516,6.545862636618494,-17.855655454478267,29.36141280900938,15.260948666679809,17.18032689240384,19.051578041780346,19.170646955712073,22.72848219098846,24.027723214499616,19.86865994047912,-28.515108986184714,-36.88747264386757,-13.600395414343893,32.802654352299726,90.410898316577,40.658604201810874,42.44101253287499,44.399373320770806,46.23250102057569,48.8303973852996,49.80163232605185,50.86546418345207,52.3976210504991,52.39399057616032,52.33077485747765,52.23551150323494,54.96302681118989,56.95324989969002,77.50300401973573,58.18213913792442,15.293787810292372,53.021387144491655,67.73852673045371,35.942498220665584,-1.773131570055554,1.9539629799854197,-7.3647425090268825,-17.42210119700843,-27.01921852131551,-36.79270725974999,-46.93413600760735,-54.135441772977344,-61.78433196232373,-66.58331444746017,-72.70731462277638,-77.38374919721977,-104.67166543268604,-118.88627454409743,-90.5215837721395,-72.88924147074962,-69.98977281050799,-69.41353275370147,-161.0931390969563,-56.27374777129876,-21.87981672163187,76.06031864853139,20.51505114579959,-85.4691853391937,-59.47551977414787,18.373155011981453,-30.4987228895325,-26.88553098299056,-44.303046568344826,-27.497019804930687,-23.723480431661855,-15.446052062602142,-21.4950155379188,-13.343224352439307,-12.7808202724611,-11.572034118401753,-9.706007190593894,-10.115952519074966,-9.55900007483553,-8.728265960857897,-7.994300709444731,-8.730572645040038,-9.014434924372045,-8.852455689872416,-9.00301729589193,-8.995936430774844,-14.694709277117,-67.59478374198716,-9.122740845009087,14.551765684006796,-16.16564100622236,-35.41366951868895,-11.147268016232534,-11.589735670389867,-11.37567504885206,-12.673133250707707,-13.406258167553823,-14.125198375538766,-14.841809026475325,-15.829962211485906,-18.042940658676486,-18.21532412942524,-0.21750675383100315,-60.25195710336925,-64.9573077491782,-38.391690717377514,-20.71270603145336,-16.839653722746476,16.67125733960438,-39.800986298876154,-40.988719214791104,-74.53393048701037,-71.0967099649952,-51.79315631501572,-43.182861928281,0.7974219171379673,-39.836268468667186,-98.63433405528212,-77.25793100810901,-80.97202820458246,-90.16956148835561,-118.77976286074113,-81.53190654845872,-29.51680260439798,-8.474114619034935,-69.70384128007845,-117.65140444090002,-87.70077793260634,-10.807835171352963,44.13921102764158,29.613444097528372,9.94796786969414
56.581662364384655,51.40996536542323,46.365908801853976,41.52750160983953,37.35669000862998,47.6849444890981,62.6005080090099,23.102376849060192,-7.667702682258437,33.97997686992858,47.451821452993784,31.88619999842718,33.66761765825993,7.022626805220128,9.334501531381648,21.47437764030292,31.237848810283595,75.57573838179906,95.0070265135491,71.3185734327717,38.358659933089484,22.851885868049976,26.26802796761376,48.55384060806318,94.40251885014959,139.2504180908652,121.95243378738269,48.56482582657918,-19.33402571880106,-31.09209502195108,-6.215694886421716,-3.087545621055483,-0.9773974617529291,7.547099692593292,-2.1363590563832986,-45.37065898327455,-45.88050578655543,-43.71899781241467,-48.65043190201936,-60.16774603843834,-44.602330005651126,-46.156353058167056,-48.084272022341324,-69.56744601036644,-34.82050114105914,33.26495026484463,-8.018303745588128,-68.3055130248681,-78.1500009591382,-60.4394975896663,-74.13392946418139,-43.377920906227935,-41.15444316770969,-39.878145337420776,-34.194717961463056,-31.726410258897715,-37.34628825109871,-44.14405462443938,-45.080480629834256,-21.22224823958706,-18.867557167891874,-16.625048329098746,-14.125627664576683,-12.413953748377551,-10.373623517226875,-8.493452474669496,-6.491460842561594,-4.3790416402606525,-2.368523750854507,-0.3435884170062167,-15.972700272458951,-33.07012865722754,2.042667928314131,11.607378018156396,4.991683021750987,34.173258919482805,11.175993940898621,22.83281198476152,13.68228099119527,16.61135761934463,18.7579259390684,19.819656745028738,27.0305951455623,29.919475731376906,31.164036246954993,38.576355593391554,15.0574718945918,12.368208801559064,38.07897631737224,41.0021547456799,44.11172247082034,46.91404629306331,48.768413350689684,51.20477877858591,53.61628288188008,55.2370959346859,108.72145331190518,92.56572569615355,58.91723106047938,59.96126960258738,59.46135142451145,60.479836447722874,66.21532166392899,28.52689897145425,43.67237529730983,66.10365826503903,35.05868554362132,-1.2799768413144648,-10.657255685710084,-14.06455473941719,-30.670904802804216,-46.04818744396175,-42.655207055843334,-54.45694222672847,-57.34384789865803,-61.05534893528886,-66.78824214962117,-69.69932046770623,-70.55471859869363,-72.77969134020529,-73.51042038052773,-69.09022934734863,-68.69222961021683,-67.22751628971707,-63.63907686933733,-58.5774534403198,-54.68055018213809,-23.2391262887636,-12.36801188599793,-57.30878857539892,-73.76109990121466,-51.518356978822794,-7.278883040452911,-26.772085910711382,-28.49128906489176,-26.009088188208636,-22.62620723570386,-16.146587063281146,-13.295675538610908,-11.596004048561085,-10.887795401867166,-10.175451655915055,-8.282566506511277,-7.7885378688597005,-7.316846201612851,-7.080399113584178,-6.278737863716999,-62.47515474358306,-6.242837227254388,10.56118417678897,22.044150186161687,32.96341844691335,-6.446805361232992,-25.56842770662888,-33.686468897021086,7.814515487093104,44.26993025685471,20.522824105797554,-37.77603285714986,-9.049277855011923,-10.75312696508172,-12.498383455596816,-13.960871365099727,-15.37071212965786,-16.50885429641896,-17.925664226589802,-19.31203399797696,-20.728367722717593,-22.058751355365615,-24.902707285127008,-28.53165264357338,-30.794406103193197,-33.11126603538055,-35.636340708816974,-34.07795896355674,-36.455799947082255,-41.45137893315021,-44.835790983678265,-16.965478435121895,-11.13887735000435,-73.96880397095629,-115.7016952344402,-65.85863558542724,-7.282828118298767,-70.19304090926269,-73.62195313915797,-73.01630896022391,-74.65322151535163,-71.59711127964664,-73.73300259767024,-48.336947733441775,-10.782255905077363,-58.231877651951436,-89.28206843269709,-61.19392904330289,-53.092363957647535,-38.87588155532512,3.910501395605934,10.46399993827822
60.214845603013174,50.45591229803861,47.4084951105996,41.83127522914788,38.98777663700368,33.526731211663595,35.66297128526345,35.779195459068625,34.74309050332288,28.82097329518632,32.017604162445764,37.33247264918771,39.4406565068785,33.60856438477265,35.968474560699256,40.82757425160412,69.64308396636943,82.22173126594686,67.27724990881757,31.38640620100523,-3.0813507706666314,41.522313718266105,88.59693260756649,99.82632903995045,75.8454151435576,67.08971386387793,70.37938378673516,29.481483167605347,1.7322698244445291,6.652760896891834,-20.390514495704792,-14.615048734412994,40.74256544065156,65.40383550611409,7.233698844470382,-63.84759826210643,-74.9723038146123,-100.42914873459313,-80.9059933813478,-42.1175002133391,-27.749947298339407,-53.577221884110656,-57.166169056700426,-45.72495546589835,-85.12868495489866,-81.71390055099755,-96.90740879595205,-134.6549807350325,-125.60660861617362,-42.05960184436344,-4.561550641717247,-40.873671321206785,-39.81617827518738,-33.93495662991194,-27.35267717246154,6.373130817112724,2.7128999071990165,3.311830662471152,-8.504333320887326,-36.55940798307779,-46.41269878571143,1.2336161761381845,62.79149733061013,-5.734309461917764,-4.633784102954557,-3.477746613126925,-2.2765542591127,-1.1322650696643564,-0.09592616607324089,1.5990276975576094,18.888160383003537,4.429808471404655,-20.109671136574434,16.204150701790695,26.982012539475136,41.17623282325735,11.115896046238348,12.81118803173348,14.469350523420246,16.060048010695667,17.71784014472955,27.424135464039068,33.11116810139039,38.41478671337745,6.5217026343721045,10.050552234298038,24.435028447134528,44.42862067413964,32.30607270413364,35.524910008273196,38.340142857521414,42.99432893285402,46.741595669728696,50.05762022169955,53.67019302136907,55.92326536310355,62.196347595944644,68.95089804499293,61.51819403624404,76.12364308191354,80.15407148571437,106.15667702652041,113.70358811888332,57.32843797036048,21.103867846623416,28.52540732545458,80.353312021683,38.67631275457734,-4.954597285618092,-14.70399143998452,-24.98538726684467,-25.22643898071476,-16.744419560496112,-55.55696620737143,-60.88789630217198,-62.472115675719806,-70.93959621251503,-78.57405159375895,-83.85194416650111,-88.89774792343144,-127.31319933479642,-112.08433498001364,-81.51160638111332,-53.752523352779235,-27.65052729661943,-57.661831998712046,-45.91893272686144,-57.260640720825194,-41.41159818442816,-20.44700134093327,-48.188308948995655,-51.1452039005884,-46.55779887708809,-28.61397021619146,-25.474322056141403,-22.63244081635068,-19.592417543679204,-18.886112414813326,-16.453053583361765,-15.136521838580165,-0.6690954114174019,-12.906239660745243,-11.08717628298703,-10.665919656296182,-46.113366481428784,36.18473786918912,-6.689323083490905,-5.567812932920088,-5.313962557344885,-4.9373570641131215,-9.127967901147306,-8.82044211913752,-7.943222927469797,-78.56192470946462,-1.7934332049972,23.72112183037757,-21.888003054900764,-18.591310878508466,23.12587079198056,-12.914670461147292,-14.107226118508311,-14.861236065676579,-15.701385539913225,-16.34449323432195,-18.012237533930822,-18.521458441354365,-19.547971875338245,-23.840472745478245,74.14368727182273,40.58058178606211,2.8246047030945647,-29.681814203247313,-26.495622611714566,-35.95652922769045,-41.4925297079364,-56.881359141188796,-36.53956762778958,-38.87649428205634,-24.995463781670423,-20.7932265293648,-33.78418746184366,-58.30224878186755,-96.45871965856304,-97.02318735735776,-64.89583424789923,-67.63124634781087,-70.20191649745979,-72.17349040704879,-72.63334095454066,-74.54039786077124,-36.400421880579415,5.8323513947620995,-53.93773588934528,-91.97926246397265,-30.40293224945981,0.3174254753560035,-40.5666800548388,-30.98260035304702,57.05935761827823
49.3751974701691,48.48035740998455,46.27117234455491,42.98483143487897,46.5370657959368,44.867821584281884,42.86500831705943,41.74925409432767,40.30397290906207,37.33278913505832,37.02725845248953,37.271773365505155,36.87043901269523,37.29383449306445,37.965782063425465,63.369216200708934,36.83779174943584,22.57599153627416,66.18996457767253,83.9111443924694,52.01944200770595,11.904531977614454,-8.712466380205115,10.036041034670689,66.75712069087467,79.39429775262988,35.12873398578586,3.091716952649449,47.870625476653004,107.22015211933103,119.89040921055778,66.55466427512602,-7.035601996593414,-35.92464436470025,-49.35517131376912,-69.0911165966545,-95.54832622092738,-70.4775469547726,12.520153548916824,51.34043607835213,-50.77711947484346,-53.71934996294789,-56.24228220384535,-78.25205145968198,-41.42531961822374,-65.0540016502805,-66.4445654144098,-80.08092402349143,-105.60861016559602,-61.27180650749142,-48.14108709228961,-47.01081619711252,-44.01857073364495,-40.67928737515622,-37.253572912026556,-33.704403051320355,-30.40311698583679,-18.643518335032468,-16.182050239383443,-5.141277653843645,-48.65768670968055,-68.87601211418382,-21.0979109587297,-11.671003096168448,-9.176575524424635,-6.460863450375427,-5.7833240027431145,1.7711851185454748,3.523109623177291,-0.2695578664133791,-29.56979894631536,12.354360323629862,53.31816461541487,27.398071742629327,22.04076681601009,48.67766372018025,15.047144289935233,16.59764886741992,18.110806098278815,19.842170848035543,21.675419468766876,22.397660934503065,1.1942432735683042,14.084248744896058,22.38986855201665,26.457847486155515,41.757856127964715,77.83042897327005,34.65852688385817,37.380574440937565,39.737337747071436,42.123253893695775,44.451801322789024,46.91498864055012,49.28587016746083,49.23403552655054,52.371878573290374,54.22656102754441,73.54981527085056,55.65328404169928,139.68310528035363,91.25027005233414,49.711458666077476,68.27834753693992,67.22192453130776,-0.7656852830759817,-39.574420463471256,-2.2794972093079195,17.979168824596172,-9.664328167865506,-23.23183579910642,2.3969385290351966,-43.46840873165684,-75.29110170162721,-79.83314425318986,-96.9776047558912,-113.7809445878379,-125.10958547429937,-87.24497506808197,-89.5710523658031,-77.47450172437084,-68.54590790410552,-63.94101394749151,89.60022967804389,-53.34927055643669,-49.6548822174764,-77.88940051725515,-67.11786034396937,-28.4668412580329,-64.20037296474902,-77.08351502859705,-37.82299273775607,19.20736249378956,49.003254262569726,-24.063989704004,-28.030158061027578,-22.66704536760463,-21.66437227637529,-20.25794776996417,-19.081718110948636,-17.832568400618655,-16.587183135481908,-15.68924865293414,-14.639152222962657,-13.6396546438814,-12.382056331138365,-11.306354782675285,-10.389828609126027,-9.476534342210854,-8.256546846639878,8.589551166493948,-5.978476374385664,-11.819311824282863,13.313171667412462,23.29973440555466,-17.41367371457818,-47.850239748106105,-28.84479701036389,1.8120701492446187,-3.322462230872304,-6.268979621872624,-8.488313531704904,-9.887287995097836,-11.785251765953674,-14.797403521722273,-17.25506188171923,-19.5949510164357,-0.5064784868086463,-65.69418860551059,-26.49052340340984,-28.977604587578313,-31.27782795947681,-33.49123345324713,-35.90196941092529,-38.247530727445096,-40.79701130019211,-43.41844721603849,-38.56623143334673,-112.13817579681154,-116.45841400383233,-44.05643414297083,7.677104855653795,-3.79028691116946,-55.28740431228698,-71.98646047536147,-66.3485651368124,-69.31218943367318,-78.29365865018164,-79.48377511994178,-83.03323580200279,-94.1981721828626,-71.22967602385097,-87.89713231420046,-131.810473762936,-86.48239777688559,-5.370344731455589,30.280958339842982,28.697566836213355,45.43786562820975
52.60885851114278,51.41064982229399,6.429442773441224,38.12164134486157,48.04616208910225,47.01524999228383,35.82753845060597,37.301161828688095,38.602448280420965,38.417910832475755,38.95244109566013,39.693406324259854,40.4011051738577,30.34878255687852,24.9184519415723,22.459429126512987,51.97647135248735,64.01735547536958,45.92764884400708,29.64657573789458,23.926507004440566,48.704569328256184,73.98068111197222,75.92979694469648,64.15879083692698,47.50927770079781,28.120385249366336,-11.609336210997753,23.634404157195604,92.65821040460378,88.27379037685569,27.759537436586015,-22.76284978242952,-40.34721406149629,-36.34914719397784,-3.386662082408293,-22.21416346009846,-108.34561219288298,-112.50753942021129,-49.781426389459284,-40.994763155315354,-53.032291511567166,-54.66657023097345,-41.316871777700584,-55.32261280427292,-53.80974228101377,-83.88295388863753,-117.71078166110624,-95.41879024907576,-20.79700691590233,-47.86602733857646,-45.47245148546159,-42.93974279698753,-38.99107909057639,-34.81361142406914,-30.77633869786453,-26.813978959866574,-14.373389601258623,-63.33042945594707,-75.37766607885317,-33.852687573885305,13.586028373793965,20.052938042567575,-5.587280121333862,-3.7665940607587487,-1.7491814155224574,-5.155247326380504,0.6302321751818596,2.183491311054226,-33.41327867011,0.6310215832827453,36.40561720328037,7.601096511424743,-5.547727244079169,10.924210792410122,12.640422885240952,14.39462394032303,-30.441058234983643,17.804517506471555,19.42048338614245,21.01802446912201,22.62713470023995,26.488301301826596,34.006049308918136,6.5910540502950425,-1.4359703900704517,43.18815520590465,107.54279799857022,36.80702762113927,39.21678043589954,41.74419647904389,42.84610608497387,44.86353361710718,45.683838064845,68.11527205520451,18.145860440599336,48.68797399019417,49.24209456927155,48.843007737302365,50.334830030233775,48.080855551002884,69.2741903287125,40.76020354356751,4.537372835934761,27.053738321085348,59.19682267819701,28.007681242186663,8.7421854918191,11.5663678122784,-11.295065757411294,-21.265405144252043,-86.10366742361327,-72.39939283531999,-52.16240601222205,-60.22694638821088,-63.60275493789041,-64.16173682347937,-66.03244375042371,-68.06092037807524,-67.11637783775424,-62.9135621998706,-60.508079632054745,-58.76068472938002,-47.84760841085256,-65.21692785113055,-50.2239116157797,-47.26242310893036,-5.345320338965848,7.332514948604967,-54.11203452018344,-86.74583122333183,-76.01413122993927,-54.11388125822664,-1.1508511850292962,-27.70436109394582,-25.620006921360087,-21.33213427369725,-19.746909918559695,-18.22578457548741,-16.507033412460885,-14.556450097552002,-14.854936351629263,-14.003929198794118,9.373613265837776,-11.45472865512047,-10.909714712830844,-24.779902385738296,-0.11205026706005583,-7.778527806784037,-6.924662617687217,-6.877639792853846,-6.705587826190283,-6.878885665472163,-66.1915209736485,-40.542538491291,21.457925981767858,20.038214553640955,-17.07024981849895,-5.088485482378928,-8.246048409990781,-8.69713771109452,-9.274796739128327,-10.45814521980737,-12.03649514565815,-13.176540836868092,-18.5580653684073,-18.69761486322885,-21.36925363760153,-22.467360935430122,-21.707076524731974,-29.462263291852423,-31.703362020382997,-32.08088180945566,-36.410279175499795,-39.42772010312416,-43.962763648057916,-48.22450736357928,-51.749345065048146,-67.43613727641514,-65.73201672208234,-60.630527813054755,-81.24545493829737,-98.1192585712572,-75.23650488693715,-60.219737626861956,-48.32243317909729,-40.76451434748317,-56.899110249226396,-92.98027379890141,-65.45429437376501,-76.57390504838258,-37.28924979096769,-41.5719275308395,-87.59453808963644,-74.22131374767105,-33.9024852447219,-10.941053828628355,-23.26844045729321,15.111805375005133
25.383566961837005,-19.212108746787948,51.01482769885608,30.01104644692373,44.59077193310236,52.10523325424447,18.334047492551463,33.13467908866012,35.436648911987106,37.47363363439146,39.64902326304201,41.995268798275674,40.71519543948635,41.084831956748445,41.40333930686069,37.288176323924745,-0.9278627261887777,31.0675695895045,62.337620955885654,84.70837818376208,56.22270256466163,28.63687689689391,-5.509911756528481,10.235707164299527,37.75393148533749,74.31122042000834,63.213503213452896,29.298875610179493,33.613630383105374,59.51271090414991,92.74453892397742,87.70961049128158,41.92213799309866,-38.576630369518625,-68.82654355119382,-81.03684803865326,-93.80382295487766,-45.85908426236256,2.2204839614878438,-3.019722336501218,-38.11702101118658,-59.818874681259985,-59.67112629039863,-73.89407568494968,-81.88354608105556,-91.13663946934267,-122.1490292219105,-145.1057754935798,-65.52273425854037,23.014394628108676,-42.82638159847879,-39.89962326298797,-36.479644025766106,-34.39371796697657,-62.72786813052541,-29.370230127176086,-27.041637788453016,20.328943641317437,-47.90899044361413,-117.4529538565032,-85.5556619785475,-4.007320239665205,59.149786410246655,-12.26017769876151,-10.513444431638447,-8.582570440090194,-6.65370113814059,-4.715657051687302,-2.7686234390982776,-0.8124166941229163,35.28264524343194,78.55514062118931,24.840414248074012,-21.92199690497864,-32.52176470155132,-9.307729093080525,12.8986580929801,14.540446005173976,16.471700410065054,18.41123783142993,20.2826707645373,22.13802483354688,51.53908246540732,57.13073720838338,-0.5365277674509343,-47.391776418747895,-18.33857526667657,35.54588202539617,40.007465726622286,38.98239033046325,41.81946364094671,43.546904909479736,45.956751408679,48.478741799116335,51.07694898496287,53.321542109426886,54.456782034967816,54.87199127547122,54.64031315792249,54.654669907087424,55.36045100058973,52.806435424159304,70.1870560260395,88.17910176367218,60.104089671694965,27.170893782636142,37.98413305012764,29.394553774003725,7.535927578014025,-7.673579057664654,-17.64888805944952,-25.847050296215627,-34.42094667823926,-41.223698094666815,-49.83867824765758,-59.595488761944324,-64.97891014328084,-69.37798231291194,-73.24641633159956,-77.20938735848799,-81.64001204003483,-87.5705746493976,-91.98084590730778,-67.8464590153054,-63.3828027905343,-59.95991311908011,-55.04829042558984,-29.610059229038598,0.8090828227607574,-19.01183732760728,-75.34413238313539,-55.000032004769764,-5.0325493586212815,-30.968349380991953,-27.222338504925972,-24.713665386931297,-27.033308470715212,-24.552874951173763,-15.745631245928337,-13.843715682178015,-12.041214916735427,-12.333954309175901,-11.821845205227831,-10.57851070022851,-26.612930288473763,-9.890039013097613,-7.920631679406958,-7.85014404944129,-9.224938009790577,-7.65527202466386,-7.35400181617824,-7.56453371251906,-47.651605478641955,-63.24721653219922,-52.907792224343666,-35.60123067494828,15.895815750442125,54.73609379139401,22.337759028074288,-11.994851149105457,-12.70523490160793,6.735695792132901,-15.196746691701883,-16.508314524171794,-17.42431792852726,-18.403298965006094,-19.699318665882082,-20.56804219639664,-67.85692407053648,-32.508318679161675,2.429575959435624,-26.39615725421116,-51.46137051430833,-29.758654981118923,-30.923756860401284,-36.049779085606374,-37.77008094679711,-20.613090685969496,-28.108542441793595,-27.185194641644273,-64.55360602197652,-105.72005006670679,-112.64648470739212,-72.64302308928427,-38.18016478889896,-37.052468170582,-36.607173623247206,-39.72238909489806,-63.34261165958469,-120.8040868509006,-167.57733570453104,-138.94057255813595,-60.715242946831495,-5.276240630436973,-14.540423249552305,-48.903862467901035,-21.147707924300903,24.27303714739992,21.929086819382064
53.69388574664049,35.92962393194489,48.31858644976096,32.23262746973228,43.11438147531018,40.294696448404466,57.7426541385891,29.967864706145974,35.98672160512178,36.43310059336938,35.7669297166735,36.399775995204486,37.25096437748647,38.05080670881745,38.967924653047504,51.09154997671976,7.728693805603143,22.57994399333711,55.474981238008695,43.03655438629721,32.648485301509936,41.10966116453392,52.003869431156,48.59217282963118,65.57532693778353,117.54422999859707,136.55229955702714,53.820150268820726,-42.91233124990231,-21.630183800045415,29.308041600647016,18.834107625836168,-48.385688312580896,-78.16179579430911,-60.65165857746615,-22.16323066244786,3.8469448882723327,8.348317612504388,17.355046843597847,-11.383562550415263,-89.91667238640275,-39.32052505155204,-41.52697465877196,-43.310232445974236,-13.868088598156191,-33.74782020485304,-32.614645729395534,-58.33983106744358,-72.81157601386221,-60.27600335558736,-76.17667298897601,-46.59783113719811,-43.34178952641071,-40.64575732390033,-37.180231039741415,-33.716443630802104,-31.373848812184633,-53.14401454180006,13.619288444511767,47.288574547139206,18.898313760564065,-35.19908719646901,-68.20165432926183,-13.0682666411045,-10.778824445927512,-8.916747249118231,-6.7190399377836485,-4.863823787733196,-2.8726386498330783,-0.886275435326354,24.074679169911178,-58.81024948941604,-58.98006245619763,-16.105608981718888,20.58091375363756,14.02065394183569,13.347904529643301,15.457473438563383,17.284820109215644,19.081953009942993,20.14683933336684,22.013954104505842,33.38026221743897,3.0405625817261352,-20.23771145795672,1.0688259926992032,57.044160373252,59.46647869314393,23.881578778462654,38.101583568169616,41.13402158195471,44.391531572938234,47.536248494254735,50.261424739554315,50.819801495031925,54.41291262417508,86.02523952924548,53.51886054267137,51.30985195914415,49.55921433626023,48.660896870217925,56.46298864243522,41.498586702487046,8.611358630862696,18.628213204184703,35.701520270519495,24.26633526784235,10.33392009109798,4.332782891992224,-6.5316534962655055,-14.109347224638668,-21.467317388613594,-29.104837827629126,-36.711602127641925,-43.686917904362645,-51.31187926167587,-60.408490299984976,-67.73799479541864,-70.49203877364224,-75.33495439146338,-49.93550567271541,-76.64191468793969,-77.01237612363602,-73.49862012815566,-129.35571529863194,-65.62457231354176,-73.54513245077965,-45.35446797768191,-53.86800496889009,-50.08876467434675,-47.046095350943006,-36.179817484189584,-11.359729519367193,-1.3688890409172245,-26.03039928277218,-21.947626967902977,-25.387185539690137,6.565277593261726,-12.592873499434162,-10.84173618874695,-9.45468948197987,-8.159882768341589,-7.10492738299947,-6.759739274191801,-5.996303205576531,-5.717602980665827,-4.642614104502805,-4.5642365091776735,-4.000176651498244,-7.025935470534625,-7.063788340960764,-5.9365700245706705,-6.682576967894363,79.94182956171744,0.16919796704587498,-80.7784529987457,-40.090282518806816,16.87461109650235,3.0353103773136354,0.09398012768416208,-12.357410146008583,-13.359126034358507,-14.23501411042611,-15.183628369853388,-17.263337013474683,-18.939458042049907,-20.176989590465695,-21.08937189384624,-22.35590804158474,-23.688848664386413,13.062743086076125,17.08172304531172,-27.179130314377744,-46.28330741494847,-32.08530259668876,-33.252111263947995,-37.354687195263466,-17.985404647994528,-52.77095089790009,-50.206057526580366,-50.63928442694413,-59.191606858379146,-76.78768509351914,-90.08957508419991,-66.61953923491225,-69.93002817264347,-73.2971872400139,-75.90868790587697,-78.45200343657477,-81.0459731163188,-119.93059058803067,-76.70083023917277,-43.85618950322987,-45.51570087075925,-84.87775842663926,-64.52880416636663,8.464357530545385,56.369015190258665,53.32088586618147
21.395773419192963,13.521633062660843,45.166553401710914,40.910109893667624,37.44880560561663,36.848386254875756,35.23421816222728,35.02970258894116,35.361486748128925,38.67140591123893,35.449710065577996,41.30612126739757,45.13247744677527,33.32758755485247,49.86917319374436,66.7555350167163,50.1106918201437,44.00207931731494,63.5088468082663,125.3471843367397,162.17294081952082,88.32680507664645,10.99727089861426,-28.884446608382746,-1.6790546312047354,24.889063526072505,19.714235629083305,21.14675857674763,20.03906406171606,84.60897458691306,-3.385793137890687,-53.19457450019877,-10.937091160788441,36.79679202715853,5.381024516127582,-37.17971399172825,-25.48963343200012,-22.51763350121547,-19.051633689381674,-21.779821395971794,-49.42657588916313,-56.70679121689005,-59.2209581459112,-102.16167647432508,-63.71469430907132,-71.57409270994276,-77.25131889637578,-62.54636782605505,-69.1133421718157,-66.28661344243403,-72.62678005295373,-43.83728119399524,-37.80481550700381,-34.386261984419605,-30.667111621871527,-26.568128239578442,-21.797643795606376,61.749125176204075,10.399698534746676,-43.87882366937083,-59.42206335836954,-3.3354470297231273,29.168841158474834,-5.180131098482683,-3.992511682351072,-52.88742737668258,-26.287380631972383,16.46162162431483,-0.1216733797491969,17.139342932920044,-10.856921207013329,-29.639802061453338,3.4130910546423365,29.035754092835532,26.718025994287927,1.951498565069869,-6.837503860068409,14.389023073261626,14.751867463957396,17.08871134541802,19.290657601127407,60.46301827279194,18.01697386892147,-3.1663971604161247,27.880069525059668,55.65664425784291,33.73874646500872,2.2317543953257655,37.10695789836446,39.34915168113975,41.231028545831734,42.89059358090147,45.53559187746292,48.2861807021077,50.810754910030056,52.36680198980389,54.84466388101913,63.33800894786219,51.41686747216784,79.33625558537551,51.45547395071641,94.75719376682332,56.1959865399117,13.323525850148826,-15.76435912936222,12.017726783828948,41.71790932447402,15.075298789521185,6.905606282613235,-6.372294175890488,-15.17454355530981,-23.96069877835214,-32.98074615889038,-41.83973882373158,-51.31526081889109,-64.57864627439483,-72.5286507143548,-75.02259873966605,-69.12951787429847,-84.9663570149385,-80.0151914114278,-71.9207161576463,-68.43184533707549,-64.03507626344515,-59.652901176409614,4.654177213895764,20.78609477427767,-25.077396698939083,-72.98422265108752,-79.65773186897763,-50.883464921192626,-32.94049488696402,-18.11199703324496,-5.8165076664059825,-22.948006751928475,-21.47293994781755,-15.041033334376607,-15.016976394366687,-14.682334749846476,-14.203060865193457,-13.726680408635477,-13.026369537982927,-12.285057994758603,-26.39622114390977,-10.846003832689593,-10.052284231019222,-9.461439021354302,-9.07670017901994,-8.597238736827052,-7.815151417688689,-6.684042238615319,-5.292983046680945,-9.139391000915985,-31.4651380532423,19.656254612925295,51.391459326828,18.19209623887582,-39.22696673622977,-35.489953718717516,-13.336788660991068,-12.648174859576933,-13.865963984190145,-15.396975329647866,-16.665259115637383,-18.561291924828197,-20.558159916451615,-22.192250341979275,-23.502228338952094,-25.089889829377157,-28.03958978962433,-30.369640236322212,-32.23235128559136,-34.15882067794125,-35.89939716912332,-38.0113443810432,-40.167461367207295,-42.137343478499986,-30.423068146928813,-45.77170517493141,-73.70404294973395,-41.344000438981766,-22.391004990766135,-69.11490313994909,-100.08625039494916,-66.75440708304515,-71.28983672626205,-53.6159334963063,-89.93658990703705,-92.61984733414829,-84.28026056200181,-107.72882802435038,-85.13222803398003,-63.40315302603145,-71.64177514726589,-75.82002979346908,-7.635206547493908,67.31073141401521,73.74492444710768,12.060524995705237
26.942098503038437,47.201129694791774,39.72465950225791,35.707142848784116,32.52426058274318,25.98224549957294,26.210673141321394,31.820374392568738,27.93694651163689,24.114713759271353,33.98580876787304,34.201531218826545,35.346712356302504,39.257945605746016,27.234090688969886,28.947873951973236,54.9887831978898,80.06830211983333,98.78851299094785,80.82548722557476,60.64173338704745,48.15459833474529,21.479928695792296,3.7957843790538845,27.804121851538184,63.60631726568136,46.08657369382672,65.5927211963151,95.67816745556934,85.34619280619108,28.916496585492496,-49.03059772570168,-41.15941083062489,-0.4707758250228835,25.468844509144674,2.5150533471019116,-59.139801346027525,-118.63548609118789,-105.70209556608825,-32.610150475316914,-50.30164010637495,-52.60600891257161,-53.57908516962944,-55.50511870003232,-96.31023450869691,-63.30436928738891,-26.01653892846616,-32.276713186586676,-85.91360692863122,-79.40969057942857,-58.95511147140451,-47.8200515669011,-44.828150443425926,-40.68382210859599,-36.25319473800599,-32.56509317423448,-28.552267043343022,-11.329510837481394,-92.3456875653228,-69.54572241768619,-6.162563718313322,19.764563352281584,29.218963534819977,25.78614689981606,-7.882366695358584,-5.221863873300904,-2.5898985470618925,-3.586356044767655,-1.5624727377042262,0.17336489301013103,32.64258620228429,86.94970628994241,62.13899629938851,-16.630683210076768,-51.12521083209495,-30.315473651387492,14.516854922448935,15.882766724513878,17.178593439099828,18.477292651606653,19.617309547363803,20.818933640926588,25.417452425292254,45.267724610952655,19.28903643413969,11.961060858164274,28.065099304578325,59.99084184326563,26.163440888814144,34.077652616056284,32.680121216056364,35.30978245519742,40.54894178023736,19.278156926809515,44.832286943957854,55.54448673116923,65.03847010222313,75.03375667718694,85.35047758905759,71.14398540854629,73.68452950169414,87.11296270485741,70.27734915174074,63.53140775479659,64.88666144724652,39.86011799414011,8.973529372843586,-8.201668143559573,-0.8869604097122874,-12.470806465352553,-20.052718144195694,-56.5094690902375,-54.93579078786706,-58.55027597740627,-60.814082026603444,-66.00254226695233,-73.90089017244918,-77.03397779162538,-112.49906595096172,-78.9107372998283,-52.41862722879705,-79.73738963598635,-108.01974261380406,-70.32696994686043,-52.32505335361293,-58.14626423511754,-55.098155881073694,-75.68480604568344,-55.35652512253728,-9.568258660630363,8.691740536785929,-13.109150351494918,-29.726664453756854,-36.23306230102571,-28.989697497055545,-25.751297067602167,-23.126145941941743,-20.657651576546925,-18.612977834628822,-15.918983349932375,-13.743206554519887,-11.525507893853217,-10.248552698807558,-8.230176461542484,-8.036057298647883,-7.325815427514506,-5.832145869174525,-4.4446833293229915,-4.191413810785871,-2.0047440654880395,-2.1907561911513804,62.191931995198615,-1.859542125789595,-45.204020126577234,-52.467134526928476,-3.59243922043855,-4.556229900932763,-32.47409479075691,-13.24932962418643,-8.80009227638729,-10.798996336027841,-13.226608090635239,-14.671147494379483,19.381880366610858,-18.565963284730614,-20.570237054088764,-22.62532412759721,-24.72120080054681,-26.87024963217746,-28.29018134010886,-30.415746516371,-32.69744643934689,-34.79321113296314,-36.94023017420501,-39.13859837579275,-41.40687281518832,-43.773311974691055,-45.971333255777395,-33.03555365385705,-30.605700937750044,-45.74280987701454,-42.215809196032296,-30.466971667566895,-77.28045481253548,-64.11521309218088,-67.98464414410672,-71.60432916798796,-73.9283018669379,-43.950332373155106,-72.53302913760811,-65.19403865563618,-82.8748926370954,-106.07922848394719,-114.39442204971135,-80.40759744213983,-43.0774035159443,1.7893861376637687,48.36015491497733,74.84822240583821
51.84229846220489,48.836895322880636,49.315237995374794,48.51518588680036,47.627950422589166,46.820086544213304,20.753464312542974,6.8049245358575945,44.65880777373118,44.03824906209531,24.298542780606113,41.152987877359976,40.94858268548866,42.09812386634154,42.47043086524002,-34.611074374630704,6.206171585031825,64.44850031096212,107.56201531228976,116.34229257144011,85.66956107916462,55.91563548345823,28.317369105135413,12.881270630009112,-1.587994806635379,23.87919307460197,97.7473520833978,97.06051778591973,-5.917473203365262,-18.622022087207824,44.71153920397501,87.48347959421841,37.718919230350366,-41.81371252166332,-22.036814473002323,10.296145482622705,14.943582885095111,-49.87330259457167,-102.4894414535811,-94.53000748043746,-61.29551439535385,-22.270313739283893,-59.53576637275293,-52.717929522105806,-86.51993007145029,-87.12514268317182,-77.56406382690892,-97.3315638810891,-78.16058297176778,-23.336839985568986,-52.918274271037035,-47.36367202229883,-42.51347677050907,-38.16204525977281,-35.633325438360174,-31.812027897036018,-31.917979074035884,1.7240967062722348,16.411287665975635,22.53427394238497,7.971798999172961,-22.21170197564311,-40.18785761713457,-30.43623220687107,-36.342678139499526,-56.65856182106677,-6.714826753882136,-4.573293581779339,-2.439225853755758,-0.06353086322930324,-1.4167269495475807,-7.5946109515437,-9.269532529759545,19.030558750534965,27.18329578325347,13.045961348230449,14.909254136619268,16.83044027789464,18.844457618101785,20.832341158693822,22.8652957015246,24.914446773687985,11.307077547735275,5.517786800018484,23.115597469939075,46.59675486513697,57.73142960538087,42.98278566452473,28.73200832985401,40.20093066321512,42.81909769863981,45.94865532149943,48.49051943165655,51.00978853012862,54.53949530345483,58.641496294878394,61.87031650928884,64.82843051339918,60.76517100828306,58.02388138330229,77.09843713154896,68.6685441315993,56.88656114038781,37.224229579547426,19.347392370614898,3.0697665647127224,36.95161724566242,71.5008353305258,0.131386408583694,-10.43349471928525,-19.32076961291324,-28.914673600942194,-33.25327783697787,-41.64163856226406,-73.33015018109464,-72.01258271304721,-71.87840167119992,-71.90636890907872,-72.07012654604901,-71.49426686982977,-33.73175473665833,-96.00217915421581,-71.28833529104566,-75.0678008999912,-63.27265647293963,-59.6381104276239,-56.55066612899205,-123.66884377322594,-54.98760733954896,17.293125544891154,18.15441835216552,-24.009408709674062,-61.374341839728004,-32.624055188713044,-29.1251807466127,-25.585347626134848,-25.462993404602685,-22.938863115058183,-16.199326573586802,-14.255401731856068,-12.444453191297598,25.947272717590295,-9.538866093212562,-7.521731859040642,-6.499265835106982,-5.355240997698743,-2.956312655564531,9.471694276298422,66.08334496262432,-0.48501167511359355,-0.4173819671361265,-0.9325719166011144,-2.7880797719722565,23.54728576032585,32.643052674589626,3.8083043435017316,-45.52815931835667,-28.943319173739155,15.377342793914522,-11.711866793958357,-13.02251776064736,-14.454654276950869,-54.75980147467055,-41.56688222900323,-18.409573741096906,-20.02436064804867,-21.40187949593947,-23.64381239132289,-25.14311279970515,-26.72564910486838,-28.351080352777686,-30.493226142293857,-32.66370377241603,-34.43417889240429,-35.74738691996252,-36.583824845493865,-39.34123157745239,-41.054790832980075,-11.778714394383769,-27.220730572759294,-24.82537771443674,-47.717618255418074,-73.92530513113684,-66.87598313020516,-60.323709790319526,-65.42846708443008,-70.33129927943044,-74.01277967666007,-81.67816288993163,-76.44089906169015,-82.88632566208162,-83.29549923066634,-48.3684984636875,-48.867733270842564,-102.19981607263708,-93.7321467057418,-8.668127530420861,77.20114249073595,92.10632315566181
86.83449139903934,86.48501047472377,50.05526302369824,60.7633180538005,45.54393048957877,47.83774902086037,47.18649362996251,46.58918264720887,46.050167474944296,45.57264402821858,45.463276900688754,33.365954765794584,35.649701383642,6.572739557703244,60.349916969868445,75.34679278612214,51.53813765071027,32.74258017307778,45.55162340992024,64.67749066011072,83.87087477299315,120.82057160931845,107.8700734494987,35.85853584984943,5.624424655099574,26.544349572587635,46.98964932732429,35.452223570707474,28.538216003262278,18.608009922691053,-24.076705995381417,-34.05655319350706,-1.5703113241170286,2.4382382978079704,4.5329934168020145,-18.06680525227364,21.22144665900032,-48.17033891822939,-95.69603573491577,-82.31555619491348,-43.47553426654352,-50.80196020828316,-53.042715500249074,-52.672336970565084,-88.2243133827875,-85.73520801989866,-93.80846603010696,-56.067041234260614,-13.440911520987811,-21.811374237938253,-45.006618120553554,-42.267382465476004,-39.412855218937096,-37.38255427493699,-34.78009750156136,-32.159454804998006,-29.60333522094595,-49.75282225678029,1.6588239342020188,-2.2993178965127754,-33.41843875248492,-20.448778197802767,-7.890790937211705,-11.690074124669394,-9.025981293897615,-7.8712989577749966,-5.944334714422425,-4.0479271826953465,-2.181376917399689,-0.31343750592262154,2.64848541379979,21.602487994120338,22.506819551114972,39.60654192509901,36.53978670458855,69.37821238256879,13.502048602814511,15.32811362837559,17.2302391069167,19.111723132026313,20.913572566591967,10.19723923355511,5.7090823756739155,31.67867472395085,22.286594037892883,48.38338597567963,95.05975892505853,74.33569667203119,-18.1050727612037,39.09378123042866,42.479103452185356,45.047511460109064,47.2631631595374,48.622383810935474,50.56965050540816,52.34506497388351,52.42530973644278,52.67732070705455,53.750158255987984,121.25010327833616,61.69872684969232,-3.2607171463905615,-2.4271018133790676,43.16997869141824,65.72080273550364,49.87662487833222,38.35826775339274,40.55382781418854,9.399720702137529,-9.722842607208236,-20.0739939367503,-30.72808674819146,-47.84271933154673,-64.72901730439776,-83.65160909827671,-82.8154329982221,-119.2513517403396,-96.96191381322336,-89.12925970051589,-81.69565509585186,-74.79092481395236,-69.77734320141252,-64.75015848495863,-60.18987655868145,-55.95289553307961,-51.41651071760839,-46.63950945691283,-38.33718846662305,-54.335779511777446,-46.982094209330626,-2.330287116608588,-22.704098082354903,-41.02208946322672,-29.432220654081505,-24.41044072396383,-22.38446674712118,-19.96156749644524,-19.123341658877237,-16.996665294088572,-15.019239484986386,-13.209914485417968,-12.350562589153043,-11.671334673951627,-9.588724574339352,-12.346007427214655,-12.163162656238523,-11.2817789040187,-11.252056677214107,-10.96304595108805,-10.502116535628035,-10.455691715881695,-10.70974949653776,-7.7137629115091215,-11.352769218829849,-9.731311549450083,-17.32228388417225,20.463386149507187,25.824256651544147,-20.320735522635005,-12.865277857895414,-13.792564245397399,-14.034654290069938,-14.121843639478543,-14.22679937040486,-14.40252981921598,-14.56775181289467,-5.845591430226477,41.85642921960334,-19.352670210008057,-13.848001041594614,-28.456290430135468,-16.73325823410946,-23.57292766975553,-27.81407098427897,8.080989600842713,42.438910888394275,-39.712752088636734,-44.64738274122254,-99.54246358952878,-113.29437606139854,-94.8695592093818,-64.47738295710406,-40.5338284642877,-49.40048855658688,-54.26764849441918,-77.87170466741479,-100.18287156767974,-72.89938906979461,-122.9504930115595,-72.00710961112918,-47.2230497101704,-55.730203594323484,-62.853158534798894,-40.39533033883117,9.112750161026725,-4.882442545393587,-38.335892069610736,-37.65119255668924,13.683854492771388
77.98098289808706,96.16073185631649,60.92970590989262,32.49347322861422,17.437343912649,50.56641329415197,48.93069464870953,36.3178229104888,35.65601568153167,35.261377481874554,43.24263929758108,41.93830954500574,34.6514814900641,35.144992806396566,35.76998323079625,80.72046064594088,75.74744411412394,14.462231477793466,-37.34346024483341,-1.6414970493697183,78.02856388906093,60.56941833293831,41.223184305833236,-13.478541126466098,38.71586122236022,73.94007096855353,72.02646027576475,66.47829877057688,52.760346207094244,14.232691494271307,32.144004509526894,71.08225168922218,43.97590673061586,-18.966717995643194,-56.36970486206798,-41.910340141309234,-26.054785609711985,-28.908733627758124,-50.75019443384508,-97.07536247727103,-60.47626860047001,-58.22936558279875,-63.595637770937245,-62.60282200702209,-95.22006634333366,-53.56514767927774,-68.84058977127734,-97.9277980566012,-67.73980558903804,-8.542087452121223,-44.92971552915586,-42.11131067940667,-38.78010605937541,-35.53850374831495,-33.849899576968966,-31.24241082466051,3.1400539114164303,-13.809887503201935,-70.14699481479761,-21.24684869991613,-21.632537552431586,-44.306441552937486,-14.045981396820764,-11.627044688180035,-9.121601399821444,-6.685410782914602,-4.5139328322199646,-2.187232209856461,-0.02386486318630432,-0.13933633949127966,1.8058057741982338,-36.28900582128654,16.581934807670223,79.11699048539379,75.56528827747775,21.810318471539176,-27.12520704597773,16.0427958602411,17.864742906892133,19.66969739156994,22.480545185755176,101.136293098627,24.773649575548916,-15.530132667174598,-13.260565057543317,26.14732194791395,53.483502519841295,56.72159248377818,24.758665737883348,35.37240002885383,36.31241364952261,38.88357433237418,37.28602914359743,42.278908927625594,46.6110033161861,50.93747852639012,56.238207702513364,62.051714369775766,68.85615528263762,74.6139535086447,34.77142014113714,128.97465963760806,39.73517328815706,51.44746606370654,95.36080245990706,82.07467540578318,45.2171306815892,-18.88226551319076,-60.63849362530323,-10.550334187912313,-18.68184891647695,-22.40700302182222,-50.90751743360234,-50.59737536819449,-48.002256327491324,-51.37092505162879,-58.26651895003663,-61.093123478861,-63.445404375188886,-66.7702698403255,-70.0842044307843,-73.44572308818941,-76.26813790118419,-58.570216372768456,-56.924171880944485,-60.50933340097157,-58.57437197344166,-90.54267527496063,-78.57448544434601,-12.747338489712092,21.823566796087675,-5.847156701993299,-27.42876811189717,-30.313346499769096,-4.4166949779150855,-22.20099413730327,-53.29978447015901,-16.598777908129392,-14.456746113317195,-11.960305538057938,-9.7002978296685,-3.9704922509021117,-8.756980999616701,-7.892714583787814,-8.121021922597421,-7.925564170604028,-7.077318624273497,-6.400538921139125,-6.9790510972829685,-28.975102906853863,-8.425929781973725,-8.589552896543603,-8.846286717531367,38.531588395590006,-4.201798796407729,-21.38336590987967,-34.90082292646025,-10.670133897360927,11.844620783894698,10.654871701457807,-13.748931926172943,-14.679516323883949,-15.805635698241602,-16.7374883389079,-16.754679390432287,-18.133854401968236,-18.97554441175076,-24.08953532071152,-26.103330666064878,-27.54381041598124,-29.025462227751973,-29.863397698535792,53.06203512642048,-32.764762572543475,-35.299575830145585,-36.49917254883644,-39.94902121934257,-39.99657099494752,33.62196389559995,16.792155589940194,-86.7395958166353,-122.13128631818881,-69.96572848143524,-52.16504735898127,-77.92323329873125,-74.57289379285268,-73.1811414997127,-70.22325709354054,-77.68775760841103,-71.91711413454402,-6.815331035745203,1.1838297814679208,-61.391444253032205,-99.25505939113134,-81.98666595621035,-6.16241861636945,18.84061026876418,3.3510519003853005,-16.639150773014308
71.4689092788933,55.964992853584434,89.59074059807989,72.8692256235006,52.34863202106965,49.725979536663445,48.554502570725106,47.42339925912481,46.33610401975871,45.29469291519435,44.59963525111947,43.6839362950432,43.08984418084263,70.2082281811036,70.51251872863588,47.516357294543546,53.21338289569289,38.664285826096716,15.077865009024663,19.250860567437712,56.68596077998109,53.10997469979263,44.53957318257903,46.71081581225735,101.42814668423443,109.50991591984848,34.058868029591395,-28.251041539856033,-12.187829781679284,56.84630077924385,100.77875180060528,53.68841938146488,-37.541827438783,-84.82711486910944,-21.111781897807305,23.597755013816595,-23.73510002560397,-77.19677006113261,-67.56441616784741,-29.712528752474554,-46.92295612476279,-52.68739632809132,-53.48654265110599,-53.229555445430215,-3.0630417928023235,-39.00980470342256,-65.13086703705073,-44.16876728151965,-10.528960976704639,-47.55812252084888,-86.97599429960383,-54.122798931509806,-27.488317825961985,-36.455847546965536,-30.943734961440967,-28.799410195483745,-26.72207277483163,-92.23047156829989,-40.304225469867106,-0.9761710648294866,34.11206023102609,22.13773216855634,12.23433306158222,-13.130189495627619,-11.284126715936836,-9.367830829290455,-7.466628339159243,-5.519849437991525,-3.553337242365984,-1.5264417639344003,0.46210697429255276,27.74748579014249,11.370125144569556,-19.355341889487818,0.27920146154338,50.483939537878996,12.197445626150454,13.892239658141705,15.8934356931847,17.893053641852532,19.633570088125524,21.687656056003917,12.180986941464425,-11.558667474069807,-9.221714692329215,35.43339670794103,55.94869807774421,40.56635943584388,38.8917476900653,41.25344410249403,45.7633414927101,50.16259421028603,52.674296349843274,50.30732300272621,56.48403823351366,56.52994163615107,55.92701931629808,57.810559822823144,57.391194064424575,57.49578598336787,55.27703310013288,52.86317919761552,109.8526006442678,84.6179192675927,12.36686110816072,-2.982259625288407,31.311356041087492,51.568909999972846,21.7221821123062,-20.79287992942045,-30.14759346401661,-33.96020256847203,-38.969934188040725,-57.001306204547575,-66.1118199796141,-67.60838901544633,-71.37199241114963,-70.93547502513017,-101.45908223389551,-35.403751633053616,-69.52669129430757,-69.27668122967032,-64.1235577644035,-61.47182899686535,-59.35998765814928,-56.96232379577147,-54.29467537488269,-25.844271982741702,11.959588974087637,-47.572008414525044,-83.86639350742621,-45.70019666308235,18.423394647581972,-30.228080760547698,-26.730766727809936,-23.985489952419954,-20.64626895475277,4.674880162358363,5.931012497621737,23.511882254046213,38.945740118588276,33.67671652773498,-8.459916573498958,4.821767938438029,2.7943964487600965,0.5648967492415693,-0.8192163612392136,-2.8384349891738623,-4.447973044211153,-5.736121746514073,-7.22082881937115,-8.033501420377966,-8.83106076597857,11.58313610516447,-7.254784710952208,-43.56586735741121,-31.908047496677227,-16.739357128284496,1.8270539067152356,-14.727450386493867,-15.865364529191602,-16.974885505687645,-17.960499314486405,-19.088896972197723,-19.823591713145852,-23.08462597513124,-24.73265838799965,-26.20830204023926,-77.61795081374044,-42.77669025501905,-18.02533949800602,-31.415940926308252,-33.348213254807916,-33.85248891533277,-35.68585699405513,-37.928289147711496,-40.352261195406555,-43.20565005404626,-79.34582864689907,-77.0514567735388,-46.459664809780406,15.930754331862317,-13.080108657789424,-80.58904886771552,-59.1957619539871,-60.77101915565419,-83.267095161621,-60.46808552441301,-130.23636271315763,-50.75525508934243,-7.695240725987958,-32.886738455462364,-36.64156646260949,-35.14539599017547,-56.3640954013249,-69.22457924891387,-42.76088340584465,-2.751709226107778,-2.274299380291268
25.07835358824036,46.69137626990276,44.646510426698896,38.49943939104551,41.3503965217321,46.18062155141105,-2.3487521143633785,31.900665034110034,34.83860120422854,58.314971724184375,52.40157583710743,41.29711829538269,47.296986601731874,25.189266181916423,17.661021376069414,18.387669388361246,7.3287741582707895,29.316040182241977,84.38328069460022,99.50698706239382,63.463451711287576,106.67869388867166,87.04199610637988,-16.026159023102082,-49.483142843060705,39.34612072178879,82.34109470999238,51.90941577420202,83.58145983847862,97.01631761606382,17.499454748571964,-60.69837971031302,1.2523080668579496,3.1751624011329795,-1.7266629777536764,-41.165495922866285,-2.3865776816601283,12.702498022541846,-15.655113543661173,-68.06346266062974,-130.09511066310188,-56.96682392114758,-60.02225283818683,-51.6742983207173,-32.94960854249052,-78.87650018929116,-108.31032733531788,-96.00455344270767,-47.90202743005125,-36.17225418744428,-19.98967701592585,-43.597357744295465,-40.80958955708931,-37.78861175809911,-34.35951076879704,-31.053075223574126,-15.36407116787099,-20.200157849354355,-29.17672416759683,-18.783496390106137,-16.519541989962363,-70.58353381059715,-66.2944842404163,-11.983248272570378,64.83549963382256,31.480546130289667,1.7195183606520459,-2.3814520584820116,-0.3078432792097914,1.6273163549442984,3.8387672753673883,5.734934306215209,39.18737959733687,28.480635918152075,17.486403789868746,13.076016767918873,15.234150449344185,17.13400257658408,19.014440143232562,20.813280852037934,22.6782693607301,24.488863096799776,49.29198693557237,44.872308025945586,29.520181408599456,60.31003579069011,69.65324101457736,42.55519287011043,32.72404101198083,25.510340981840386,36.585933586106364,34.80253693248269,46.554196559754125,47.696260128147344,48.2781216401969,50.046930688684554,50.46548854765053,51.559122809551816,52.777664182260736,54.075256329452195,54.89507489816451,55.08714199723354,2.2101238075401852,95.99620142974891,132.68154749876498,76.75226587933275,8.601513962291847,-27.916547878565098,-20.28316858745029,-3.4988893620694625,19.256940588609723,-25.24144605503801,-35.77501032555489,-54.698240267745234,-59.78825921268725,-62.83799412470353,-66.63343325592143,-70.87331554760084,-74.85793873454415,-18.591224460296417,-73.52090367317528,-73.39875440515618,-70.54913437935465,-68.68567398350686,-66.14563742296627,-61.09138755927745,-57.56917653361606,10.340515021017609,-55.83651292709328,-149.64702359716057,-136.22070712889035,-22.184765918296762,77.70816365695646,-32.906259473916975,-29.047364052381454,-26.472133582013527,-22.565763548527855,-19.816699666138206,-15.877320149798848,-13.595271093038818,-12.083642977572126,-87.22974478793003,-7.883511413966971,44.404845168622614,52.31694705384143,1.9659991033563529,-4.903613917558751,1.2024706004333865,-8.125166567276725,-3.7787138179137103,-6.288850677027333,-6.729392472946213,2.8549436041465697,13.776900093885729,17.812732211187495,-21.093401106897545,-42.353472126970246,-60.10218541307768,-12.853874342672952,-10.537574994220765,-11.584192960031253,-12.649856483357048,-14.023913339212093,-15.42813988719243,-16.521098838577558,-18.70711532589219,-19.97212142758422,-21.269557410860045,-24.7702476116321,-26.66375730078127,9.09582233104129,-25.71594291903716,-50.859941366421594,-50.756865865361306,-34.49471591322279,-37.59490811501365,-39.954509929991474,-26.22106230267309,0.07214263218270389,1.9375056782146771,-53.06686849478865,-104.2573209251484,-73.74123179777143,-31.908930109243983,-64.95970821354489,-68.9360408346561,-73.07883460883224,-76.06024686208193,-77.20399656536425,-78.41051860640209,-125.39120084400292,-84.41714621922188,-49.18008227996023,-46.02897393770246,-46.14244243425722,-26.6082669763382,-1.267763589667993,16.70894133050581,35.72214399085533
51.45537168765025,50.51005197191508,49.5963273957939,48.71743250471671,47.78339424193251,46.955739195476845,89.47185731656873,70.83920581959865,44.81030916487842,30.38535958890469,32.87777201950007,42.74311106837837,43.555956034692755,34.23790900244103,-8.666950582218078,5.4660056842681115,56.36434129441204,89.35749579725385,67.75011991142583,62.62289734452747,77.01947921951091,37.285031171081755,-1.0127339093626233,14.2962579353798,77.25178214591733,85.92096012802153,40.61751158776178,17.437599459346018,34.26790141806896,49.04050816578524,16.331940922780632,-13.312598576229753,8.214289713044764,33.02811359159534,31.604852792858537,-1.0995139059723442,-43.57927708173679,-89.8680799503868,-97.75643288211745,-37.56033685272814,-51.609108957579735,-60.440217631432574,-64.52217759301558,-76.9678476521201,-68.70108283641275,-80.79446077236545,-87.71363097405515,-84.802921329725,-73.78689899568641,-64.44362871570948,-34.30950179585011,-48.965702907433126,-45.57304704921023,-41.35138637443063,-36.804754513653506,-32.513443009297646,-28.39381886289931,38.669426785574615,7.8135351105051996,-9.244629756306438,-4.81821311029023,-11.41686138944624,-37.21744696052974,-9.903015837509628,-6.988581850694118,-5.203393713007543,-0.16626755525749104,3.53337570348112,4.5551198103182315,-0.19900620241389788,-5.716981557084637,-17.25660588482765,13.87404416944264,69.91422260879608,12.546141962161101,-27.821739689348306,15.855581435065517,17.227528768393874,18.660633949594647,20.065712596025847,21.727414322151184,23.190254087773333,78.06060277910456,68.86505115249633,31.827146825618797,40.223200602055954,50.57352292864459,10.59931950495411,34.496413443452376,35.28517509184365,36.684860049502205,39.64130103773044,41.380895990157825,43.35570205369069,50.49616954474874,47.226287054803834,58.88813287345713,60.48020588112543,61.81228761577614,46.36032325414739,51.69512546350069,46.5347707148847,42.27174107761684,-5.185005603569152,71.64345036018403,106.18284136957664,61.29782063920311,-20.097162759069306,0.3220075719765987,-7.330571981912215,-15.724303090814885,-24.617709791191373,7.562035883856424,-43.109338032838366,-51.88271099916119,-60.73668189528297,-62.705364771781205,-63.2170493808822,-62.73704998142661,-62.52422393803637,-69.45900657130198,-46.28728392144967,-63.65057598711769,-62.40586545409761,-60.52787989008732,-58.136811991225855,-45.00693779809626,-69.78428741567632,-102.64466849830171,-106.95503992403474,-73.93873330715473,-45.47592533901047,-15.508519192632093,-33.1084183476373,-30.27296938425161,-27.05733167535857,-23.711545618961424,-20.02957753294922,-16.13039838634569,-15.936281128090855,-11.917476116510471,-11.113473488505548,-8.923592675551618,-5.6215616939442725,-4.210345547019202,-2.5793967999116987,-18.639536854459493,-4.2597114484965255,-4.6692602919796045,-5.125663567328898,-5.63695486178359,-6.1968137478174725,-6.871283261051342,4.880204639000112,40.84440480399462,-1.346499040020717,12.202143000195974,-11.10614730896259,-49.09399433477938,-12.067031151416366,-12.996411803819562,-13.838790297037292,-14.687097991733669,-15.897815014034705,-16.741869701565065,-17.57072573403577,-18.387814244981072,-19.003796091782284,-25.392578359362304,-21.905999043646126,-21.586270778940154,-23.84430183128695,-25.440007079244523,-33.19836207419442,-32.78952549816972,-36.68903755088374,-40.59239480280752,-42.437286105632126,-88.20974734394713,-71.49493100485961,-43.68877477966089,-6.605862319647883,-12.76193666861468,-69.17636027773324,-113.18885081009944,-74.64530446899353,-77.02465198496569,-74.46208966647748,-73.34987076225025,-103.24141280476408,-75.76952085276253,-42.97770360894947,-40.69677990896321,-73.77239784229437,-71.86972988774255,-15.564634254450993,32.64969760614349,36.04941437810021,27.962865274746036
52.309785445029725,49.6948515204912,47.41570225344011,45.19287137124715,45.14120707396499,43.25090157191299,58.70584299603138,42.578137422618056,43.61254408483536,16.29693705077429,15.109529011761197,41.353321107509394,39.4835402323552,37.42379311175364,39.40229524525893,79.7322302903799,87.73321259191198,40.202375099050755,41.12048097592886,-3.8898840704960094,27.202293609677213,69.24763356500966,102.64571544624323,106.2893113061782,59.88707788361156,60.35571273584469,39.45960326235718,36.376260404067125,33.53862512316482,39.549249407826665,25.16367373089281,30.28200540084208,48.73649046882633,0.08441847352150944,-59.136662260729736,-72.78195340094885,-46.96381794259446,-33.53630941067786,-57.17898815271474,-39.329740209038846,-36.759101666373454,-57.15078414697322,-59.62131249359189,-60.785346590544655,-86.52945202174453,-66.04666114918064,-50.37558688256047,-92.37686295898493,-96.5285565157426,-43.89513879117385,-44.424901819996336,-39.79359109680385,-29.640501154348385,-31.67942004974327,-28.344431589624577,-22.63360559575949,-61.99866662568178,-49.87336293922351,-19.764623188933,13.444404490734996,29.906436333823024,35.632067589315284,5.5257672369584725,-16.24252120133383,-7.698130718529363,-7.03254456750653,-6.23364806152278,-4.779550805447201,-2.8180028536598627,-0.8492305420781889,-37.86764024141371,-47.69459369284857,5.550617751048776,57.83207003955215,17.814022807448055,-20.885929511914355,11.826464616312734,13.970917660895608,16.076564906901424,17.96809475967376,61.19195566244616,22.230137145272394,24.515165204285424,33.44167133642577,58.47864993420899,30.74412211115613,-28.486333319445702,36.32453203214986,39.98528809277315,53.337625017392384,42.8024611160279,44.19391411452561,45.501926279743614,107.63582870294908,51.98608720535958,49.37192330556283,50.82991589149613,52.11250300473468,52.53160415059814,53.16512339917096,54.12223201484475,70.55109232162704,45.15481250097048,21.02733415095213,31.400793984447773,79.30355757023608,81.42611845140436,24.69583595027416,17.31794558489338,-4.941270916626991,-16.929920630495985,-29.231700883475582,-43.08693731980259,-59.10983264378797,-70.0292457140336,-72.27985805807708,-76.99895186608943,-82.41344872812721,-79.29240595968534,-77.26062321604621,-77.62633863029396,-69.10152283564116,-60.980920592968744,-63.99527083237989,-59.812144821780876,-56.83896590018429,-51.02389836606778,-76.99294761495048,-102.73899621194755,-79.12838302872751,7.945429365279779,-37.02479181101336,0.16999176530862314,-30.212428116083487,-27.011652362994397,-23.789028171336525,-20.506883113225456,-15.105712091513851,25.391187015639844,-14.592758621221776,-11.987518960307597,6.075213044913395,5.56717814712481,4.388403897982414,2.6412574592147706,0.28105957703998286,-1.7053289672141148,-3.2257803358711925,-3.0374321693732824,-3.7114493944191977,-4.273910293774989,-4.664253871594958,-5.1244537352239234,-21.596954397994068,39.302802619432896,26.00438960462907,-28.426176765820856,-8.251231579883942,21.294869933558175,-10.414438630112926,-11.14793060954976,-11.912773791516237,-12.696778872821639,-13.222217108540953,-14.339618035477216,-15.663997238446512,-17.2212731527852,-18.66789356126219,-20.33993778179186,-21.903664579090616,-25.13212870387794,-29.3662133386632,-32.37047350651892,-35.452894820324815,-37.394779765268,-40.737766991478594,-43.49208269929454,-32.70200769321278,-30.147513251373482,-11.944721932823086,-47.53338033158525,-105.9557869542939,-85.57359049590741,-66.17916724141787,-69.3731023270671,-69.17812177768596,-71.38016602761317,-69.00926481340318,-73.25975973134496,-71.4843081186969,-54.64696003274298,-57.047248060149286,-76.44470157239266,-46.0995856395225,-6.05374795385903,-13.44433257383514,-25.195048679554816,-58.22586074383912,-25.834862228914517
77.75819822550102,59.74587473379279,47.442393461412166,32.02727734202199,17.545354920487398,33.86812845908227,28.652662949563023,14.206501285825595,41.6298763861412,24.214757785025057,40.27823660622067,28.146010591016378,31.827641672306342,33.900237533607424,37.77987835125242,2.944253504831977,-22.769618197180307,19.191292217830778,83.33045610334648,131.44653184670597,118.7532299569782,74.41122042227016,23.80398507004861,43.98260119573206,48.298885501421296,33.1893121887324,34.875764891284234,35.81998445971138,0.8803113360959287,-36.866747677107696,-10.287533836012244,26.925714710739385,59.695013146793826,43.33170819722113,6.6353797127530925,-27.66978203154804,-19.11202337822226,-35.705573432195706,-78.17019105474117,-35.22724827841466,-40.65625863283279,-46.103328400032865,-51.464039500415424,-53.75035965373026,-53.01528851983312,-121.86115779566262,-111.12774239477312,-50.23722408391677,-34.93376030871633,-12.442480013133263,-14.460329621371784,-40.33471227707187,-38.09820154456841,-35.722891138036346,-33.302107050007706,-31.343687359353765,-5.226138038206727,-33.39693620365506,-37.203181572302356,-46.520203962326455,-16.733124462693013,-10.959996506992638,-49.40155251552869,-14.747301125498339,-12.763443572099234,-10.120120421113512,-7.77649187312214,-5.526703092291584,-3.3012080481640567,-0.688116774435116,-17.454554941004517,24.27342064117647,24.1391780010199,-24.407862188873878,-26.613481541965484,7.360358439079619,30.349195789845226,15.391009640136161,17.376311956636187,19.48601805071334,21.589931383914944,-37.17838889583163,-11.00423331641241,52.79484138960197,87.48589850709948,53.17743347202122,-15.426976273423406,34.71220110560121,36.47992608791162,34.40811534128022,37.07788914980625,41.32734289431923,46.24535545172057,52.73853876688099,58.00407111571084,63.36113877159292,54.47279516410765,67.8822657784458,99.93930869160567,97.39470256030108,64.09696385610778,85.86719213341576,109.57045164045667,84.66160193712676,42.868923349154784,35.82538440482995,21.349256432172297,-40.47989515159952,-2.5495314238152105,-15.454713903921515,-27.744635904365055,-39.37633399640583,-50.020938234975745,-61.22171698910387,-74.8873751741279,-82.70350125588104,-96.29146940703603,-68.79259785000676,-80.66645832024437,-82.39928381149699,-71.14724279481669,-62.53449171786775,-54.11488585648732,-59.93674191883902,-56.9471431958175,-53.83335004656874,-50.73245099647647,-2.2935362107946276,-79.3606287594348,-131.5221898508213,-102.22144282999488,-35.58855823366957,-1.90459895268026,-31.290883634294005,-30.317738118366805,-26.71548322666402,-24.797402277446025,-22.693527785123976,-20.47804381630813,-19.649290677779902,-18.19314786231581,-16.233030090778215,-14.219073373395986,-13.286883388119726,-12.006975957514655,-10.858146752899195,-7.09326450662401,-6.421070083472451,-5.484245435568191,-5.448119786108723,-5.043422128372949,-5.664026211955155,-6.207245739798441,6.185641459025646,77.34877651518673,63.54489819392438,0.9716154613961407,-88.02074067565218,-55.25083791977977,-11.232960673333537,-11.23402533840676,-12.882753690971192,-14.01329421538123,-14.789230767271931,-16.60531953726982,-17.27498678279367,-20.03430830016081,-21.429283099629515,-29.890348436964814,-61.352083200737184,-43.21329653122757,-29.95993100639261,-31.957061492162012,-34.06742613717179,-33.26396014100297,-33.381195759559006,-37.61854337249986,-41.74179835554639,-33.872400552050294,-36.108414798429294,-94.95703064143663,-113.60062807068653,-43.303176035518845,-8.357862182281394,-41.67478330523954,-76.66113654389913,-121.46174210632716,-75.46407038031293,-87.70866440663389,-82.95862529426671,-33.94785430267359,-86.06046733777112,-134.66399635839673,-75.2513483977882,20.02343370427343,15.077096206396163,-5.73008850448457,13.600737847763412,38.58475253627279
33.48291582375066,17.69877599935353,45.90285223186768,54.96461803165539,41.347287181912634,28.12607640319939,11.256896725031481,7.679223870193823,6.104113359676262,8.975502554453044,32.53011356018055,33.270260511858254,35.22921096427851,38.477106746696535,43.33768794298962,92.514975318094,111.54306821975433,71.13668204946975,32.851962987627815,9.990386021961513,12.27552475305447,57.13516164080579,104.11081852562057,121.11636017272235,75.17525537301526,-20.494987279887937,-50.280902333448466,2.920524519497121,75.80993452626217,95.25129261393386,69.3035604496672,26.34667861723301,-0.49308140163088865,31.90963637499567,24.855009100602274,-26.581645593285884,-56.01367126589952,-99.3178752002832,-112.84800698919241,-105.53802288190718,-68.08063981567466,-66.30432909622203,-66.98878823094599,-52.50004712878422,-74.1845451584636,-82.24627232617007,-79.42858763461345,-76.34912143690124,-79.09200750107544,-64.55704668883072,-20.114438102443273,-39.378586022686704,-36.12699226881159,-33.72576418154766,-32.74703447998658,-30.097347151479113,-27.456521362318284,-61.20365595389089,-37.82809622932223,-26.36570953287827,-50.12072988540422,-32.34538302761894,3.7603979317473204,-11.658594489831685,-9.588216916570232,-7.456908696283676,-5.226901753998462,-3.196974598674487,-1.310447602866077,0.6357100847404809,-10.469732662493016,-11.241741408731059,12.316556972842136,24.11003328308084,14.190477466906259,19.552563840302412,-3.4010032575754394,16.415765402103403,-25.515815160998272,20.243445244665097,22.040801655250803,23.7957624258011,27.741132005580766,57.34562258643609,60.03496684673337,39.269181053020475,34.14733731530245,42.29182495461919,37.2036015329102,38.96609278139662,40.65707322810685,42.26464790370403,19.413016307280486,45.20307195978141,45.269569773318494,52.662355340987574,61.82864076007809,81.17602571993575,58.430668734645536,40.28618448156158,61.770238640981376,86.13425232213899,49.910301489981066,39.892432882207686,46.400392054681475,6.665350475025662,-26.13043554213175,17.29689325965319,0.7904807243415348,-1.4772840396644824,-17.418042779981647,-26.472927341472143,-35.65693233380915,-44.3213946005979,-53.38317312095546,-62.5605732266518,-71.85810185198392,-80.87381498461127,-92.52464089110907,-86.43639946624675,-70.25915238977001,-87.1621121518125,-61.68152819577024,-58.05426624714896,-55.01384730049142,-52.30109340286721,-49.719861645670306,-5.3315501419101565,26.369979924026666,-31.145707657272396,-80.35761142162016,-80.0521721624813,-12.837898126706023,-30.348528722241028,-27.643973495511148,-26.84515748861216,-22.51133266433449,-20.826329496857866,-18.609480371317233,-4.900261138367341,-0.06978213874896255,6.286676266514689,14.73702742539308,11.706661634406544,28.689367851522093,0.1225874819720918,-0.9252068542078362,-2.6119870689661937,-4.029591079847194,-5.505509168189789,-6.658757799079737,-7.255886726173067,-7.380398123997942,-26.730413455006783,-76.45387064362865,-46.632062910383866,-2.0554507528261183,11.729495543959615,21.498026949384666,-11.580322371967291,-12.202389593820197,-12.759831666661228,-16.032932476258452,-17.75506230783583,-19.238976646747155,21.461559164790742,-23.19901215064889,-25.27620067336511,-26.78148064021029,-28.372933096620073,-30.075517522460586,-31.659142927710022,-32.610118488451064,-35.48218836791622,-38.366620828180515,-11.879275138018215,-18.616306942355322,-47.05157746559729,-74.42639155491906,-123.544018959592,-108.6314293287146,-52.33815080129625,-60.72707111316194,-58.91935487643737,-58.8929933925113,-57.54833170360669,-61.574794978289276,-69.61462859509797,-70.90761609468336,-79.04015485839284,-105.9759052938889,-105.93011665474273,-59.58262899879901,-33.12158441888232,-55.74140388512433,-41.98144355333807,30.232572126830746,33.53620818935269,-5.018884642610146
25.774117678026414,-2.0731583476124342,48.92587907209041,44.874698026796324,46.375671015475625,43.86814365389552,41.33368200858362,45.44117162898784,35.02431580464898,35.372928093954066,35.84124154477199,36.20054535359526,36.941992329123956,37.430256406179595,38.13580425528242,52.20190534135281,35.477674222024575,44.83068694311492,65.28314647294633,55.957077210351144,24.551057269139164,26.875141516102133,43.42188888927558,88.69137364854254,60.12592080383001,40.178390399308604,47.03345428677903,60.04602125926135,69.97428219921244,63.80411973953255,48.74118158051624,45.24240809463504,24.12767050802813,-47.00415366972766,-125.79433025186381,-136.73798665140248,-70.1089149723066,-6.525093324113186,9.477442717921349,-26.134046748903756,-47.18891126535459,-63.590382662480806,-89.29538517216997,-91.14137762120777,-51.416231632431845,-15.896006755339613,-16.550439536105387,-67.02821112528363,-129.8209875024022,-99.10807156616647,-43.03105691231241,-40.08586220332097,-39.57752037359319,-33.73340176630063,-32.4473661378272,-28.44435855584615,-25.972217493862274,-3.4465127603073142,-8.213265591330355,26.214681155336166,30.30310616830934,-3.281559707499582,-49.40361962831639,-10.904406204300486,-8.659725944261922,-7.03990201662603,-5.1260038317319925,-2.986718818630294,-1.1879541420446742,0.9145404511872499,-27.61177814768871,-45.78562156870066,-20.617638019813967,28.031511596832615,43.478787336444384,15.036508477133339,13.656289547972847,15.508392444158957,16.751874986585065,18.398242813844305,20.410660024496707,22.274451770884568,32.42907920047878,75.45461824134964,97.80515331630795,55.687764589216386,-1.3731543508484094,-23.073463106071813,-6.266000086632175,40.532618501068825,42.98628547778654,45.64665017230956,50.151544862232214,57.224892467995744,64.69713787360945,71.5478684974359,78.18869875374327,85.13086321701638,69.77374632284308,65.04738752873244,61.148056918740764,69.55666266034632,43.497533625776214,-32.00224683450142,-3.584280722010135,97.28454820448678,12.689884583157664,-8.669895633199303,-6.873643136403928,-16.543104540366585,-26.262114128989708,-36.06593754362592,-46.01271505525938,-56.24863830372368,-41.712438389616636,-73.03030303244293,-104.78214310563271,-93.10051196552149,-112.48331833314364,-86.78334251560261,-71.24166432262496,-60.00989621712313,-60.13019851332547,-57.254011566857386,-54.50231426517948,-51.90050914783326,-47.57051650658627,-72.03718925968701,-103.84000316243305,-95.85344870512267,-27.92732557152158,43.033771393045754,-5.463685647011516,-33.44170623526611,-31.282411477363993,-28.946300948493928,-27.32538703631164,-25.090067825073646,-22.862316876481145,-20.715730028981696,-18.52337663867624,-16.539481071662877,-14.465825360435304,-14.126679291716414,-12.74404174176167,-8.541838246898507,-6.781767882731003,-4.842613713781425,-3.119726009146312,-0.9501327593477296,-3.0491700680159397,-1.7247139243995342,-2.350067481899085,33.20119824362166,-5.688078821852287,-24.767450296361176,-6.751777938519808,10.81550138577353,-6.104021523911342,-2.624775307713918,-11.014034025902454,-12.312172511232461,-13.65892277065872,-15.183697886458681,-16.170065253316842,-17.835580169584965,-19.56222995398101,-22.545139060490634,-22.689725767830424,-24.332452588201562,-30.212596070556373,-29.78531055780809,-33.05334197364034,-34.03708621737616,-37.310964104513516,-39.78722176555823,-42.45451768049762,-45.5083496475616,-53.3120684341593,-35.61668848618774,-60.430019574345806,-79.67587501673529,-54.51862521318094,-47.955540280156356,-84.09217803836873,-67.09297440563094,-118.30314056048564,-67.85382168351384,-66.88425894502454,-64.03732973106702,-121.16789740520562,-82.12328268520923,9.157796494940158,0.973026883755665,-51.78872460633693,-88.09491327097999,-90.34593338901414,-26.108918927301602,69.96038451136246
51.4381547396113,50.32313241915176,49.21421180769107,48.13109753222449,47.07659004977421,46.05378823535684,45.0660578851346,44.11693364968675,85.89656037940313,42.348010958618545,41.71466882718077,40.95785589809275,-43.16958500714691,57.58180151623219,38.68938896623692,33.9709719184043,19.317108396535787,52.831407599462636,70.80709698148166,39.676694736816245,27.00419620751154,46.54620542140685,66.50210964423536,56.27118345586587,41.51244463057304,57.09730557072726,81.70685642587159,26.526090505180036,1.5660680523305928,-4.321714273426551,38.16290063089582,34.50182748057068,23.35130575103176,40.4330624353604,25.96508809790066,-21.115641704120208,-48.52081816293912,-81.66932222815558,-71.20081737323108,-22.150912426095147,-28.502984696026942,-46.035236696332845,-47.99423309272237,-62.186094742129626,-96.69757303904908,-122.50541812861684,-65.85333528880437,-44.83894080027119,-79.98843525549728,-86.53958299989426,-46.61771918726643,-46.190452402799735,-41.40285101189744,-36.24068179644479,-31.14713132957391,-26.072284992900734,-45.76327552823682,-15.443108373330233,36.85696413219557,48.02288693564583,24.976189261670925,-10.06077996037493,-38.53006521965585,-13.494444820058376,-11.408739283851006,-9.256793108799712,-7.0720589366258935,-4.856814586545468,-2.6443670553180283,-0.436344140468222,6.1746293244088974,-2.9552421862829306,30.610578001059366,36.467557790227374,20.625777784199727,4.8121572836384985,14.65615706920049,16.44155538570054,18.79339356272338,20.794087964280635,23.65535246346903,25.801797720089795,-59.04539238616417,22.838695305566944,95.99205752507623,121.68758813091392,75.59036057403546,32.35508983260547,43.4344099882486,47.050798628799484,48.46397047821268,49.85821232612423,95.62737513333695,52.8016368944538,54.04241791834857,54.49780833151523,54.11857569980482,61.4941148937196,54.652374338393415,55.19296355955158,55.210717367987385,114.14533755091179,99.62400763096514,69.42605885831972,36.58201547980207,0.4687634216824108,-2.5481448586542683,20.88431820531227,20.852920702888525,21.07224331335783,-9.15081418340651,-32.280058300713335,-44.03323944996254,-46.86384622782424,-55.55407636259292,-65.87123118746857,-68.59299352994236,-70.91837564685545,-74.74519428236681,-76.0190193752617,-76.15230670678542,-74.87091199391693,-72.15402379434914,-68.37899199702287,-65.17270080329321,-60.55058709972482,-56.56947839208962,-71.01008107434905,-48.26815605048435,1.377600799979973,-48.08919179549184,-60.3799427070262,-14.406852737484087,-3.240941007275808,0.7185812332819097,-20.70782704046769,-20.468670146546245,-17.589677596842478,-15.157163567420497,-13.21350611006082,-11.998793812621969,-10.788001273470414,-9.049817075791793,-6.981203614827692,-6.237899427331222,2.0512398324709125,16.11167400567274,19.981264950845798,-28.506324360952476,-6.104321563321136,-8.645615917871016,-10.386061028157588,-2.4225294272561086,11.37443625146443,59.106780129530705,17.97761783718215,-41.19368615887993,-60.48536407027882,-51.72436306274062,-24.9470145613152,0.05678988855561329,-15.675889980062186,-21.407487692220002,-16.246213840511267,-18.63247618304435,-20.078030023770197,-21.05306180712526,-13.720187529955933,-25.345675108150793,-27.30378679347575,17.47966980081901,-30.074248568312825,-31.56639603212443,-32.84826981643229,-34.97218853090676,-35.18204803800424,-38.27559312452399,-41.06957173227843,-100.67231440924479,-47.69853855576457,-11.195478028516533,-23.190428091634544,-85.10607300531865,-132.7207954897981,-101.87935842878505,-64.76654055171971,-66.90361567628185,-46.35603206551332,-105.08383283449405,-129.9398619948896,-129.07575310993357,-97.75742044033905,-59.991473414320126,-46.02596491186807,-62.38269151101798,-55.9489713761169,-21.713253121823072,20.69529559536386,74.51923748418812
97.27623022601051,68.58402173782588,51.35192180675557,19.749742852163877,17.255033286434184,24.96434631026618,29.649904279028306,25.085356634075765,7.959843843756744,2.556119627259136,45.35593020163962,34.71811009709954,36.50337354361012,37.87122319628749,39.50581978589645,-34.18802152626631,11.837025791191536,69.90280800328566,102.00126407979451,119.41236576211156,83.73272608960679,35.377563226556504,-4.64296557000417,16.450365537721154,58.3769128592412,80.12865974005717,91.43869779261445,91.78270414821878,41.94509085290815,-3.7858072697981697,-25.996143297204753,-5.326138988146852,6.944519802069749,-21.12746087759524,-21.408211025277637,-10.422006174619128,-41.93226966824204,-137.82227891544608,-139.99007461518886,-39.79592062106258,-47.93299120991301,-47.6432853808515,-48.0262301803498,-48.3665194016388,-18.38043977368079,-29.836401584641408,-99.58862352601363,-75.2051979744565,-8.159572192686028,12.193743791626275,-43.78757413693168,-95.15773245338755,-38.91135829664313,-93.9463257181086,-37.433489691102295,-33.719678034405575,-31.968162943503728,11.103248908407522,-36.358850993281976,-54.246586123084455,-34.069700995958556,-29.117109629017705,-28.255274906669285,-5.761883617690174,-9.629559404366361,-7.5426725048926215,-9.56630492942972,-15.84070888986247,-1.0260532877646256,0.6475467998345152,2.993767074558079,-30.093258963960125,30.53684976859404,84.69060052555619,23.520656020401475,-65.64415332089357,15.543634592037037,17.36167895565103,19.17997250649188,20.922446467494154,22.704108939542976,24.45460285186448,-7.669680271018706,-8.255839933145921,-4.738398221402349,28.48564581843857,25.79512241676298,29.338230224683684,37.75098557028007,40.32246050854166,41.955863855235314,43.98147222801465,46.159988050605264,47.870195700640984,47.36042521044047,50.41119413335259,53.47664076901583,46.56551449342828,50.976866064886934,25.010779467951807,51.38202119808875,81.61669503854819,98.22014550913991,81.42260867062532,54.91968485777454,37.50958147816556,10.769469963447136,-24.117605475862774,-31.6805416502998,3.0275370786373514,-20.40921195601328,-30.0290370070677,-40.22570857217153,-49.38179228036711,-57.03659848036034,-66.73322549460897,-76.81548154715932,-52.92213409160104,-95.43491717032703,-145.3934416754396,-85.19965621625062,-69.82438284330297,-65.53569156317283,-60.8515741494553,-55.489388148758195,-51.80006553320766,-53.49771067759963,-51.12622509754465,-21.938283328095913,-12.986045327541603,-16.835353404159264,-25.09281393588776,-36.269099065019134,-30.73839884770429,-29.44273868315942,-28.026190612194952,-26.405680042274767,-21.720162250610088,-20.22508258430389,-18.499283054480784,-17.36221355955209,-16.308155329250923,-14.927456243723697,-14.19777714966002,-12.907913873346885,-11.619208027076446,-10.431740288319943,-11.25952940299046,-10.275389950149453,-9.051406018711567,-9.252465221820989,-9.27723507558208,-26.199264528489707,-24.116620713282714,-34.69055364018878,-18.47915397853353,13.291429335275552,18.24728171519837,-22.9220711244202,-9.083642153032176,-9.654356928049424,-10.366812690996891,-10.889531481866552,-11.314075259049815,-13.069903288823511,-12.826575164430203,-14.421476970875474,-20.918549670579054,-23.37971499641914,-25.832434653628084,-27.58554838018098,-29.464527357948157,-29.228125399373226,-32.3922243511262,-35.209419158954034,-38.194084549182605,-42.1922409553998,-45.22606576720307,-98.08301136960154,-125.14147373896924,-108.80241789366346,-47.56437304509632,-32.27326180027478,-72.77017294651432,-97.36618759984947,-69.684694618141,-71.73309487284018,-29.872649229025228,-77.12222025576239,-64.27311699343066,-65.56351573596976,-29.06738817583323,-41.14165102360812,-73.31399032093145,-75.26243669278244,-60.911400779638825,-27.732721696339468,4.354397556202002,52.474796935080576
39.02152911277602,29.779177349723454,50.9532548302221,19.37944719104371,27.117723004212735,48.428263115417785,59.13142914375521,63.66672885971883,45.9185000724668,47.28134984956245,47.319466400510606,47.10194336643369,45.860171319810696,45.71219407901728,-7.989730529067401,44.00871596731395,58.155496229079745,46.947106485224936,33.67737197797442,46.91235146353006,68.3945792010154,46.131483081166834,20.513033428653216,22.5011988653373,38.90299347483568,43.95238867666967,62.18636422932286,48.103196729931824,33.809246345514566,40.09919554547923,55.0797417300862,20.10436487064817,-14.567964803218501,1.0994287082823462,3.7658044045725774,-11.143208176448752,-45.88900849275751,-55.89860837471542,-51.23269549497331,-58.36322738906938,-50.39102582565246,-53.71253544240568,-55.91225538144924,-55.33411353854146,-103.66741561819845,-53.10548339476418,-16.804550927472633,-40.428867092076416,-54.48929445397667,-59.30243105144348,-44.91270030584462,-41.65872549432328,-38.24159155863893,-34.905258607805735,-30.563148427589567,-29.23508717505709,-47.30870712755245,-20.673247377803364,7.622912578093462,14.521223348948567,6.245116466133254,-22.314213499406605,-24.382978093933048,-11.893995127613287,-10.795801800308908,-7.943920860016462,-6.104445493877407,-4.349674365291122,-2.560947761029496,-1.5110190996553978,-7.476596764144006,11.135999184457887,10.537966120685724,-10.881793768731768,-9.12183635708493,43.29801844890926,13.071873814730537,15.028246427087382,16.97108275421033,18.92287865304509,20.901888616413885,22.902414516937526,-26.8413152369817,45.37337328347712,95.61178278574766,75.01796883345469,-16.90404942961868,-44.283623282938606,38.16483675062911,40.82684195274946,43.84873301075734,47.36271113099349,51.16862992589215,54.77207796323387,57.96575620171667,68.68771088615426,64.77324754384199,63.35466410377839,62.42423622326487,60.31030548537105,34.579082574523,71.57193186576023,97.45197241311985,88.65311477207516,72.61891264486121,61.64959855254065,27.120743647866675,-24.316876496658097,-26.048265382957453,-11.960617158675916,-25.682372133330773,-70.05044762517082,-39.22921282409061,-53.24539895950343,-59.11991231684709,-62.74949902017471,-66.42597738926145,-69.84890450571942,-73.49252169186593,-72.30480296824517,-70.49085269135949,-71.8571618480423,-61.053120473786365,-57.255644002635364,-53.70041750168481,-50.43223384382921,-47.4028676037737,-44.54496821157498,-138.03218165731118,-105.72144060273968,-6.3401529827888226,47.584699723870926,63.69283214794427,-30.483482094959697,-28.003728962376456,-26.36813914219057,-23.96255105209559,-23.028780190235565,-16.68070951873215,-15.468434105579114,-19.557563763361372,-14.351557899160525,-12.623020729839851,-11.503298942542472,-6.5326122345409345,-6.29700104015739,-5.012834687350761,-7.8399194184371765,-10.669866761769327,-9.748679943458484,-9.2887589688527,-8.448362671271981,-8.429120063924548,-37.20896148478596,-15.839587364420368,28.31111234303853,53.875072416248884,8.456509089678548,-9.964535832489247,-10.330771758059091,-10.575613236948612,-10.83128229427738,-12.535876007847452,-11.931362702551212,-13.775424336474856,-18.63406508940004,-19.234450422993483,-20.845347197326753,-48.89308414140942,-25.789666389621246,-25.299366220740353,-27.204969825414878,-29.274164350953114,-32.79889448830224,-35.11451122437737,-35.70690212278643,-39.311097053888375,-42.70479508077645,-68.19290405575885,9.148596860271482,22.77389972417336,-43.30903424765165,-98.42576620064392,-114.0330467459689,-66.21086050669578,-69.35232072802721,-70.43006307565673,-70.83330614143779,-75.16588490885042,-50.51082647605017,-57.236391562930294,-107.79196846638843,-132.17105021281486,-84.37973669106259,-36.47466570260224,-23.668591999803937,-12.450335963828422,20.43028959350295,98.73276023712879
36.15233360913908,43.058441973514334,38.05649357220686,30.416779096686753,25.56078069698163,33.44759342871155,33.226838947491295,38.390618312658034,38.63412838593062,26.368647523142045,28.28808465439579,39.14685865548616,40.340093054032536,41.33688170907445,41.51237693453244,81.43808693307346,90.26037361921408,52.06639189614816,4.905229866031846,19.549323204062148,10.330639451097682,15.648167035379714,19.120071201505766,47.10179698558795,88.86606792529528,121.78778026619989,139.60686306372497,109.00038441472407,48.84960148992559,-7.313221364957371,-19.499094310250257,22.345467146189094,32.69977520464977,-16.05350681189475,-57.28371849192581,-93.88372027832247,-76.23073392200888,-38.65837709056541,-13.447938808381707,-24.15958607250286,-51.307195733032245,-52.61227214885818,-53.14203419613954,-54.22114037446363,-78.38148654423617,-89.98625336542182,-91.94420301197829,-94.52582733639406,-52.59839897274014,-7.633738341192839,-9.305685642242224,-49.27788637601657,-66.80276982364833,-39.72314999469472,-34.391826371030305,-30.454055610289828,-26.782777492024337,4.940552810305235,-23.419136661084863,-118.5005290123072,-33.424289677747765,66.30024993979123,80.28779729202688,18.036042358847226,-10.327023959074367,-15.66283373831402,29.28452584389015,-4.465603627523649,-2.5073666042729457,-0.3578288337029534,18.984172730982664,25.59428359400499,2.1350875082921448,12.310054896605834,21.903871235149836,14.691851892820523,13.52108151954107,15.345744434229218,17.176089855488797,18.902461736629718,20.71086943756802,-36.432156267169375,13.766948158828086,61.5146650892043,75.7193229819328,52.11852671370525,-12.917135179020988,33.45382962354185,34.052074117205606,36.85315811149928,39.3456215017046,64.12314106540725,45.1102051645767,48.009215357441946,57.48402742773801,52.49719283497163,56.09077827978066,55.93728834551858,55.7504859902013,53.46354092901012,52.345371074942726,44.14661806273725,-45.679939806804214,5.314717172765086,123.36678512708477,152.95660639243715,57.88934418544795,-45.586743443432624,-0.7449728085500169,-7.894484984076087,-15.23121098096027,-23.278927570722033,-31.359716026517958,-37.16017629797568,-46.00091177493519,-51.943389266559336,-56.552180728637865,-60.51344104082207,-65.37812029788077,-61.6280911110248,-62.828722632632264,-64.70672960986633,-65.69000113864132,-58.258311704981935,-54.060901189230506,-51.1243644509982,-53.565533054422815,-11.58409780250554,-39.83833955897171,-88.01032756943641,-112.31989719240664,-62.57763081099347,-12.756444954590961,31.644373788250505,-29.39832143588977,-27.136902321865804,-23.684234718357402,-18.843030515750513,-13.382706694686476,-16.408825923031714,-14.598024336625166,-9.480350207820265,-14.752828267000911,-11.240325932018326,-13.678563766917605,-11.470609874858667,-9.309922151170554,-9.759489819642756,-9.207236812600907,-9.56006088247646,-9.877447014463565,-37.023414304168625,-24.247613372946148,20.3265386969083,40.959049218806626,13.446984332209922,-10.623189712514744,-21.395049878429347,-52.00586700864187,-56.07245610178521,-14.46743192397804,-14.94922029543029,-16.511900990537015,-16.55908271167781,-17.409233840182658,-18.088578345726955,-18.424919563398703,-19.356145834249098,-19.77603270892555,-26.289022567910315,-28.42903204825997,-29.947317867961132,-30.728074440875858,-33.20882396936845,-34.98221591474817,-15.363829697799702,-36.70917671822821,-13.13047247884515,-42.666433091190584,-63.75594822639644,-53.04411095992987,-39.16350070454337,-44.2668130390349,-61.04690611407159,-86.09476929194409,-70.99996346734233,-71.46511379086667,-73.83348665106544,-74.48531693742648,-73.6569223764435,17.736606484972526,7.496792378923601,-88.38589543175112,-152.04288375467831,-130.86792305822746,-50.96534106150648,-7.460666989824176,27.409632704427622,71.2055915257888
38.068561498361305,48.50188459583468,48.852405463883244,33.024907949521776,13.64501858761787,46.07745233051876,45.198606107557296,44.37176660724844,35.55054421498616,35.79744075724251,36.181758686776384,36.37024732385821,38.34511270345024,39.056524746353986,25.24461277671253,-15.221154836620599,-4.268439264735662,65.54812738156488,96.73824875805803,57.38063053973201,8.016063293492152,36.258750045137276,75.4639948996878,101.37053503137076,98.1863970413824,61.06624058891157,28.910526869209207,-4.502877815865759,15.385632053820245,66.89224644297155,73.10764570992023,8.512630538929443,-25.679499801329484,-1.0110731825686798,36.26888223679293,23.92433396301567,-30.246100306701464,-76.09498488859003,-85.80995621479292,-80.19745397896554,-87.69347257570178,-65.42066911806435,-82.34207829530351,-80.17421625854263,-93.92471742699038,-76.64702108777169,-33.32914198642811,-32.49369953554333,-53.04276065990234,-80.27244476132256,-41.08586147043263,-37.11153158514625,-31.91060251396607,-26.738575168903566,-23.662987419119702,-1.1036924371454546,-24.599058680636062,-47.01686337025728,-37.760833798184194,17.014422751655275,25.411158295835094,-44.38749462008582,-54.705449991428395,-11.676840375723415,-9.513708336673929,-6.286231658682794,-4.4459632923905446,-2.6789524089514742,-0.8615384573584493,0.9782166612014862,78.09011452040477,52.15367038743011,52.35300655080346,47.75142786832055,14.138994738351812,-50.60752384778925,13.912707674134737,15.710879825062406,17.366044518175585,19.290504061726367,21.216556669358766,23.147107979692734,8.604819412327743,82.98282458715113,72.31509726622971,44.71502648830097,52.70223949697754,30.440205292889004,36.41777749590882,38.400069190817725,40.444442209196644,42.58562471337099,44.427072449938564,46.163548575503754,47.9048613770905,49.40622902200299,51.633477653889,53.37397556467177,55.458317983589836,56.81250713545682,56.99236426090458,57.85663477933083,20.897039434878025,9.64873861117303,94.0110046901882,89.38383007535867,21.437334028320493,19.054029038518365,17.31732307627982,9.289440570807528,-61.442746346375316,-27.371221326140244,-36.8256401963057,-47.23333780362765,-60.69206758222339,-64.60708572267569,-69.91449964309481,-66.92025468331431,-69.53883532155001,-90.21004080827606,-67.63857619967033,-64.42305785966796,-61.33083808307742,-58.20809031352924,-55.34681852150473,-52.889312856663466,-50.157115382070614,-92.77794442985578,-94.96891585909998,-39.376351129629256,-5.020815780602334,22.02593195311482,0.8272222882289384,-33.44640005535405,-29.357744213553204,-27.547707313972353,-25.743720933142214,-49.0988377706899,-15.115816408587307,-16.80558604830094,0.13635514644965951,-14.934500640829754,-18.231158205316348,-9.485281866273226,6.5722724044869665,-10.201394932514553,-9.930105414807826,-8.221562513845107,-7.535482934107019,23.00821817904489,-4.680154047696329,-4.18901765198672,-5.038424229584798,67.19788859702703,49.8028949406671,-9.270866831911007,-71.53081082614489,-83.11119949757813,-56.81598008501442,-11.33136688422784,-12.131590983577922,-13.070754206449365,-14.15501096304316,-15.323052317471536,-17.073374926594045,17.046932968898545,-15.018480682037989,-45.141354401403305,-67.63431207396582,-21.525958358786905,-21.79304889315839,-20.72161464720526,-19.940956606184784,-27.581522803647715,-31.618957488412775,-34.200451736940664,-36.99562389538906,-1.406057959775012,8.553182839958936,-18.256510998196973,-60.49426805018152,-114.54161425405073,-111.03060733735674,-78.08194533100732,-85.58219293542552,-73.41948178517121,-76.24392064215289,-77.48101488776325,-76.01552831636135,-71.76096078620361,-23.48864934497169,-104.70826167633732,-137.81134730958422,-67.87229358973127,44.435328682178806,72.46691128188013,-21.35921833422708,-71.26621604472894,-15.39463971423811
36.37233405295984,51.3947441836918,48.30800681642488,45.33934195394065,42.43273896311857,39.90752506528817,37.19952664238002,45.17944467867164,44.17295514588163,35.80958003700282,35.033842946038355,36.65220211534139,39.09902324977384,31.026611605289872,39.94799261879916,11.944447693348593,45.615208798293,86.74947391806836,101.74707341809835,71.81145447316067,17.084006691376317,35.92508007806629,56.56123430642674,31.998988467247273,28.71744720871925,72.27468329271233,70.45946065808221,13.770327972707491,-39.82298918868446,-51.73352731989007,11.252161875308047,67.33286374592126,-2.0452571065301868,-31.97610689232488,-53.329568012978825,-24.105957310481926,-2.551500410037761,-9.913375330995223,-32.128534583717965,-39.104127111302546,-49.06920657591638,-57.78762331944813,-74.54513345423806,-54.0809854062029,-11.698302893507389,-47.117907100413504,-89.35436583788783,-97.45885858133806,-71.45864898395064,-61.21874579705923,-45.03712780414065,-42.08844009857336,-38.917002017845945,-23.221896660576476,-31.94183838261125,-38.383718398736846,-37.98484822236041,-38.364621704442186,-24.001330865689965,-9.654163952891508,-13.386859016664516,-21.181347709063857,-1.7062187059236749,8.155681499465913,-6.478881785894529,-5.628433630034266,-4.833729735849012,-5.416785612155948,-2.6914132952547973,-1.3223997920181603,-35.10852865439051,-17.642948037377664,18.809616119746806,23.812308845264624,5.839902045277796,9.619850875696102,11.586775085730181,13.330322226952887,15.100140964309873,17.40887552073184,16.594557594609554,19.156088039699014,46.272411136172195,22.732152300699113,44.37644432599927,37.128590312087,8.30629318142337,13.53583762009248,39.0044587329608,41.60598069918042,44.215356257344055,46.705660732471145,47.22596686786511,48.10506003397222,76.78262042500955,51.51092503042688,53.114464167150366,54.925055534231404,70.68510143277854,53.160231125051844,51.45657504701196,34.82854924849539,65.61741514129318,63.40503963409964,31.338440531429114,38.05908723272705,77.53835072346374,74.39186162949773,1.0229624477732955,-7.588453793189558,-15.554388398301512,-24.2910071649398,-33.92107380626413,-60.2535598570974,-63.26387396544895,-66.17064141033335,-70.1424510743339,-74.20081147550594,-76.82426408171341,-79.6120720755731,-82.9285213063867,-85.85203967769758,-70.64678102017734,-66.25779498978764,-62.0001060337417,-57.898197953161116,-36.4882165695214,-33.68738183925552,-35.727544043949365,-3.036500505068261,-23.19536544480252,-38.43447967376005,-16.414426743935337,-31.778740407246488,-29.34872992272676,-26.54640129832643,-23.82198577979119,-21.19811784530509,-16.952996044112822,-2.5921521980194484,-12.277929411352659,-12.998749919723195,-70.95970182028441,-6.75195827523396,-4.262108913449822,-3.2656469388603426,-6.1265736544198575,0.5727716333459156,3.168500903347905,3.6005015873587904,1.5254821345693834,0.04834953848207846,8.73508045455435,29.308262240254976,12.69288321079921,-37.81040563037254,-22.007702880981697,-1.436519272236751,-1.6163445257259355,-6.776661874152126,-17.111368210428992,-16.718134461784985,-29.689306786604405,-39.00970381186005,-50.35570815718188,-26.479228814491258,-28.15160552799869,-29.380577904042344,-30.07867943463736,-28.95185950480686,-30.943883213132665,-32.335981899530566,-34.11679286337662,-24.5122746166021,-37.67519138414522,-24.086610954815114,-40.26944680877877,10.3876627785246,-30.57299423718905,-63.183553533478744,-79.84300545869519,-66.53756531440399,-73.68595007975614,-85.90910938331922,-72.4265762155539,-60.9341083863671,-52.801380089483246,-111.92627400084302,-67.42366914759391,-62.5698726839486,-54.75180433978585,-74.21997900819974,-64.23452945042482,-20.9437889391142,-16.209274233002958,-21.28909012680606,-38.709403426551944,-34.577472685453586,-1.5879869938084994
50.373681546646765,50.76501816144766,49.93953294537064,49.14040397843829,48.37056664882749,47.63326170181483,57.87041671058523,45.93479509181264,17.370215756727248,54.72698315765615,89.68452330718713,95.56453862364933,42.58299548296816,43.34040658934428,44.07672238116955,26.08114508426206,88.61786421372358,78.56627626162162,35.92056855767987,12.21668740019959,5.900211902261617,33.884339995760456,55.24165429009349,97.41129147283732,94.58301914558615,66.87571664137567,55.067915986312215,54.866436931768135,15.06752522905208,-25.56462494345321,-6.030195414359696,23.81594488614371,5.682142252425365,-21.04936189488103,16.963520999107004,35.857188855225445,-18.48763009720824,-92.81805416517363,-81.07547288202113,-34.00317421959517,-34.2430368332773,-84.03995309332367,-53.774911116430886,-82.2327962568221,-62.35729706622783,-59.04148350692162,-79.31317342606644,-71.18505951634711,-47.647046033455354,-0.8323706836363272,-44.51550788914254,-41.29384291868918,-38.569982856960934,-35.427572794839904,-32.268446043906664,-29.237031455031598,-27.01857390661516,-24.603950260639465,-19.148323450498538,-20.021763025462178,-17.593962586143903,32.55286380353118,-12.933967033499343,-11.457222191774676,-9.081927007369018,-7.926645934656008,-4.59146630797558,-2.692787394708162,-0.9712687239596249,-16.56329464001874,-21.921055164726113,17.431935976275327,24.48477775971537,-15.2802730560079,-19.397889316185,16.717287409606797,23.695145824003703,14.440648221913037,16.076195306526046,17.723107674422806,19.83913233097006,23.85513782147268,46.540042106010674,11.16687156452781,-32.17616532960574,-14.31286991914294,44.58289439418468,69.80084199053158,59.86287080926662,42.10483577162907,44.66037328952707,45.79768844530709,48.50064965247671,56.05688893930164,53.276349295414434,55.522969570066714,54.475777130972105,53.5232984537481,53.20644925304219,48.281174925141606,47.51195645905864,35.81719823061752,34.14406937846752,47.44337694223009,48.473041860656,77.84346919924883,64.39595355701658,-19.251604923125342,0.0859865744318995,-8.503029348113216,-24.93763702675733,-24.9211355294716,-33.33913246643044,-42.044332684408175,-50.760587045949705,-58.810161810780414,-65.57522968580525,-68.3418914303517,-74.12377085792534,-79.25722359241765,-83.90359506282122,-81.98585305702872,-119.051176639809,-93.41676178996781,-69.62705400497873,-65.61954349546266,-59.051201704181864,-105.40188684783107,-60.44085416471353,-0.08331492799302964,-22.24469151352696,-60.438097188255426,-50.225490588282355,-36.57695574404647,-23.476849266335535,-21.095097928100415,-13.331611587763092,29.329247684067923,-65.65943756491197,-8.325471005624586,-5.355818304701934,-5.401504630681676,-4.970863134804823,43.050583238005856,-5.044148435924288,-5.093437451849992,-5.376447364168763,-6.105961130115347,-6.824271183660397,-7.400956074961691,20.058721138532974,-11.460948409727507,-4.085768578963268,7.324047645244718,1.0629732450347547,-26.1367896007132,-23.82320409104568,6.98383283245812,-6.281948700117027,-69.24786320683188,-13.372179273519338,-13.929414561293886,-14.647602938152485,-15.11081460516844,-15.260094547565405,-41.81508961008831,-21.726228053281012,-21.667063665758533,-23.878425124504147,-26.212044447611916,-29.07339924763349,-31.57398216468951,-33.45093788692945,-33.10356841700292,-36.272628805463285,-21.992008593991063,-42.462697753014936,-45.702910888132635,-111.6247171053601,-87.97041919308276,-31.38512261699134,15.732485360073952,-29.225604263613604,-103.8035622422417,-67.2075476580353,-69.58978671321677,-69.68133113471652,-66.61127131025887,-67.30549184177312,-94.64797418092576,-106.38179617252152,-93.95401402474135,-83.8730556605866,-69.85435149254363,-24.5577129675612,14.490051545134975,18.82636686835326,4.133183065445309,-10.784776577942921
61.0873696241548,53.960511711924184,52.68121410320265,18.66803739450461,-16.29733016906289,48.722268026606855,-82.89323894845438,46.12056736156113,44.68729827253523,31.443271399484246,34.22182707503717,37.13869737284293,37.85068311596454,35.544927280610736,32.01818767439184,29.626286342197808,7.518889454830969,20.79927977548641,85.68865760921562,112.7875929420461,70.06469833368055,34.89685350530931,16.7016592879952,15.151658865755394,28.823620525624108,97.31794470605564,110.39883583405094,60.66556166555324,1.160119192266393,36.064430385381,40.30392985947992,-8.518475629544355,-29.38539150391034,-11.701616717365141,29.32915018098697,24.789265307190817,-22.38460172986879,-66.61486221544834,-64.67473981357728,-43.94883370312459,-51.15059627156265,-56.691957638913294,-57.724360587613646,-61.212963226523215,-62.02040230476754,-97.15820844059817,-87.15935293848679,-81.23653284307693,-89.51202981490496,-39.92006462482277,1.8960289847132117,-51.67819443500093,-38.37732522497808,-35.090706174336674,-31.823228158122106,-29.489277836916415,-27.260448591381902,-16.690943271053584,-52.46202277616953,-12.807958863087151,-7.261608033704761,-39.015184739678546,1.5620495774828669,-9.088889561075817,-7.5829871139182075,-5.921973973810452,-4.386372026069765,-2.6448471080803984,-1.0331842436281988,0.6871135902268435,-36.88722264151784,-46.41152931253896,10.238778126765737,68.901294617036,81.09627069476664,14.245180986155901,13.929847761201074,15.99031596253785,17.940294358458928,19.818981159735557,21.424527937865975,23.623572015963433,75.32365005578959,27.76068293246749,-40.44664278128812,31.784919621734844,97.03427665192646,71.05893107339875,57.901206320375536,40.97027102570132,43.23920125109079,45.761626048473715,14.141029094470468,50.386961580649555,52.85691622728811,57.65633065222406,54.44512142433419,55.89289571428559,57.20461931273622,63.48275881168569,59.275796710326546,54.982434293560004,86.64710589864899,33.165712262642955,-13.473383834754259,15.064916540733066,55.51370178902175,36.39164409362684,18.855121583445452,-10.943368615928534,-20.325689109687175,-26.475835084667438,-35.30082144131654,-43.914536652007655,-53.401300196401564,-59.56818832569931,-67.3579542705675,-70.66824189109833,-73.84953461810721,-69.33923210681493,-69.69739873860877,-70.14929053366791,-73.786215079356,-66.20941645974256,-92.03684541108646,-62.173858469999644,-57.94978531156194,-19.80522708922217,-49.488200659659896,-111.88654924074035,-56.210886845647565,-21.194958910575338,-9.70952575485903,-11.081987469965213,-10.70941299922822,-11.594562398697121,1.4872944447620284,-16.56741307054544,-10.024368789994398,-10.170629384307663,-10.340087401867317,-10.797258011967141,-7.127257118786666,-5.786518256981424,18.972204989951706,-11.268949950815113,-6.382377086973136,-14.111548724921931,26.038220632017783,-8.384860863139476,-8.78122068340409,-9.103690955656337,-9.371958970090475,-49.21002859594057,-36.986967945903984,-28.39934529602624,-6.55639384993583,8.7697626832188,-39.46642101693942,-11.98246548391936,-12.459732269793136,-12.898421012126235,-13.15451909942266,-13.218117978348042,-18.07531264850723,-18.61393760949864,15.387878710681889,-23.17231516440905,-25.351391635742615,-27.55830592492036,-29.732304163087463,-30.835405249527327,-30.07009487902303,-33.71969292815547,-36.85216386844846,-40.098007526994934,-43.45046968906894,-44.062370057308044,-68.00323280635939,-107.65644812946698,-93.858744800963,-50.27408510655414,-30.134981603779124,-46.58924390775405,-55.7589484149741,-65.77931184139223,-66.58469060287348,-66.81193185138841,-67.56693204990887,-73.1774123229564,-56.11479971569334,-57.89973755947403,-72.60351270019976,-64.65560318946308,-71.44094787479457,-49.52401879954368,-9.246679414411801,43.573923573144384,61.52043773689752
16.175913832302626,50.18563699860704,46.98039826215213,44.66846953704213,42.67817068328196,46.83616466918917,19.633062230761,37.48686566896771,37.32005032645018,42.854269604131964,29.622023625125564,31.584875953008577,38.82423857499319,33.65041191819429,37.824756095059,57.561270148804226,61.51721460295721,48.13489195183621,66.77411499124355,39.27919336269724,10.474541115047714,48.59179984624586,76.32860344728545,36.61788425125724,-6.803368258978708,33.27220217821014,59.68462075409957,26.399223231665474,20.24224338400228,62.908630526163506,83.87939382594675,44.260190212210546,-11.236749215720693,-11.621816905563492,-23.66762661274197,-51.37195644896201,-57.583308058650175,-48.1327122354279,-17.145387859197626,-49.38202419135814,-46.69870710662477,-49.784612403560075,-54.16268265906936,-54.884261685024974,-22.673409261575728,-53.26264254245689,-63.068870591824634,-102.41911776047061,-67.84737724811112,-28.255058754978336,-40.86530013307214,-37.9494239395907,-35.752358954255584,-33.466234670716744,-31.260807088682355,-29.024161703999496,-26.76166922097832,-56.96242927750768,-7.608768361385955,29.56835634782351,-7.697481249060729,-31.159165606613442,-22.16880320604355,-3.692522273666512,-9.580034423211387,-7.470098689489802,-4.969448506448785,-3.7802432402592245,-1.8191679695773786,0.260512385169946,-4.590270961608212,35.85903795831018,35.310742296560875,-5.25733130120534,-33.520071753502805,10.038202769146665,14.281799136858709,16.09082285166619,17.968521655492125,19.861916623242678,21.777196696409675,23.67449724635844,68.31119837916587,33.108355220400426,26.869752212650496,63.318305296565995,87.60005603653826,37.2910501255692,-21.660841586080778,38.227044825396646,39.3179699968329,41.13115401701016,43.55658582294174,46.173609616226855,45.87017447164669,52.42381273382546,58.1759211622537,58.325553545657954,62.525562847045194,65.55098463967903,67.86842181519951,68.36815834290888,70.40565078424424,68.01616669387795,50.21174832288759,30.872523703432876,2.956203929026742,29.68368884825304,3.677989734871062,-6.90984878191739,-17.526170940852467,-28.07911006170889,-38.811652658248136,-49.644121520292686,-60.88365324519066,-70.7909312903567,-79.93117229477889,-90.3592087299474,-100.17795516374281,-81.75013773846743,-85.81874442791013,-80.76142994507069,-76.77204145726364,-71.13696844689335,-64.33641831797883,-58.54409021281003,-62.59404315277132,-59.86310997844549,-68.94592614422237,-41.83445934801398,-15.173830868260666,17.774552749453733,23.249892258928185,6.049555928536051,-30.469469181532006,-28.234625867036073,-20.887370579808717,-20.181413808873266,-19.318763691041177,-18.35434634063874,-17.375036040353905,-16.299406525542672,-15.389007353729085,-14.677991450741292,-14.01388529929319,-13.37662549597405,-12.644511393825468,-11.804327714652022,-11.947611347584019,-11.245795723112755,-10.656045137948157,-10.13951741401577,-1.0539633069434728,-2.020846287243728,-2.8393729686476945,-12.365636456427183,-21.120868598251533,11.886189414682121,35.22842568304863,-8.820197972078713,-9.504240870134382,-10.193667907232111,61.81727557750855,-11.952990855048306,-12.954701079895187,-13.246836351149451,-97.73303014302519,-48.502112228464284,-9.547528736944741,15.167063558634368,-24.13619107355281,-26.70734602845569,-28.567107531590196,-31.17076886745899,-33.277433901819194,-34.12177496198643,-36.055968131217895,-37.042729259701275,-58.24950717204774,-110.62843689921715,-75.34065109704488,-45.7751900634546,-55.354582155839466,-59.2870233779995,-82.80410385055325,-70.49888854475635,-94.34890815003632,-76.25171353529737,-63.80004664589501,-67.12234985469257,-44.037166965055576,-43.01493813784202,-74.13826056197695,-86.37486521134429,-73.75743196133863,-37.92672528228411,-19.71219755449397,5.739751321541917,41.247657180032206
33.3303215556748,46.44417799678703,42.37747221562812,7.681100404231074,46.62989324953564,35.33268631866268,38.09733363969144,28.566253876003657,35.32952272126291,35.97712338426115,32.169776241446584,39.06046201625276,40.56708427458645,32.45402357677949,38.86660247088335,33.651910759058524,19.86070157363031,49.24086290827529,45.957827554061424,49.7030445194346,78.2724912682047,81.82282019515304,78.56700922882192,37.71605849699063,81.34027183356466,103.91214685846467,47.73555360850969,16.009162178870383,-4.317168760660479,8.210906291435805,37.6674605931189,49.398977596937925,-15.134354792085105,-78.15573345056612,-48.95952206851052,1.253109957230663,15.94917895225285,19.758296245880047,-17.16573368583886,-96.36376395210937,-48.085647920453596,-51.83118538822728,-30.548102858043308,-46.538706372150614,-60.59211969259957,-72.04421149066579,-57.11022796423072,-50.83328843941388,-63.84243942454748,-80.12206839627947,-87.65338442950258,-44.360226431570936,-41.19311365600197,-37.836537624396115,-34.38551753033963,-30.991382761732126,-27.777720453603706,57.3807310820398,-2.3001280161133764,-48.9816485730766,-54.029290029893446,-56.10809417701421,-37.67466437337134,-11.397757681257872,-10.299380495036928,-8.462290566886367,-8.96747430000164,4.134929512300545,6.44577727518049,4.881379527792603,11.951435897430883,31.853360912544304,5.135201450053529,-35.25051015405421,9.174569381387869,99.67482150437866,2.836448004707563,14.719775681680588,16.439774216726974,18.26242231203085,15.210293694293469,17.39983174154885,56.33702210671095,44.79510492252666,3.094599464353905,18.898477729387196,72.8000880312668,54.14223056028732,35.62548039132166,0.5669421631664591,41.983595331571976,44.5156568370837,47.82528272785859,49.69580878104023,52.36415969281845,68.68713088709598,58.559508604835955,59.63372384452212,63.714030932807404,62.16395285348845,60.20010628057767,55.51918379702013,-5.774841314152354,41.66098814616271,88.27323278607628,73.81006391307255,17.863487465733442,30.29410693186901,12.40086679636147,-12.16320036749704,-21.376312271743245,-30.9852756853179,-41.15395778071934,-41.32643107195918,-48.90212328820445,-65.58124274343334,-66.46948875409325,-65.85703124839145,-67.67914196489633,-62.64516280446452,-62.61539792137648,-50.69401071803144,-31.103018905429963,-56.44864668140665,-23.262789177650575,-68.48974235744845,-88.25904090857068,-38.26862643782533,-10.658895459443102,-50.6966749517951,-80.03834463311455,-58.8344940206548,-41.28742950449714,-12.224739575445483,-27.357453086288103,-25.436166361895502,-29.976986746311923,-21.24426036222046,-19.347351285170916,-18.142819414131495,-18.309230985455514,-15.873946502592347,-14.606326212671313,-6.926173158755091,-13.56259085603385,-9.651612097571327,-9.28255658396251,-9.119364014098624,-8.91021055424184,-8.821078034076029,-8.878212100609979,-8.824131035537672,-8.603607538924775,-16.79382106469029,15.166195041093033,-6.203294885833657,-52.53972660787758,-9.94321571947755,9.236351462292077,-11.987777626898065,-12.847058994774507,-13.645417345853964,-14.612991227610351,-15.748505744335375,-16.765574403854913,-17.877194184507907,-19.04085802492702,-21.51921067585039,-11.851754641186403,-6.591116925885103,-25.973471135605138,-26.228158461134463,-28.137033403834877,-29.304787712310308,4.825784924531774,-7.075246051933391,-20.926965654688104,-48.18390872304235,-87.91697409486483,-57.32111515707584,7.863743174243609,-1.7926385173768722,-84.8103953262198,-94.85985634103872,-74.52553687627278,-71.73813244843595,-75.39931089046136,-78.14620051340694,-92.25020151652245,-124.53069981402086,-56.310118770923054,2.5033136215783998,-19.84476043542918,-92.52659681340265,-81.72444348340287,-9.669627996572672,10.006438519658332,-24.845217203539676,5.819765190498401
50.64833283637935,49.73603170806045,18.09024721492824,44.38503022922828,60.390935958364935,45.83324320047663,44.986807163100174,21.375852980058994,40.3035978828739,67.02168604382632,69.38677613649082,42.410585364357445,42.533746782163036,15.28510468181662,19.29012233787921,33.35283399207219,72.14402703371752,58.51561575993901,33.372814690236794,56.98595051513348,66.17564563842188,69.16029933640009,69.91519998191302,43.223126166655675,-4.528174625134852,1.3639562726193617,23.41479526938633,42.82824760936512,71.15783602026693,95.0282257386184,46.529513779819354,-47.406816281078136,-60.87407577354199,-38.62697033183531,14.730043280591417,40.77949509532834,0.04150221550480637,-47.59448401855252,-79.65810138461438,-46.27316974163068,-46.03026252342036,-49.67837870906547,-53.52753730325122,-54.01624080782912,-21.42363773320965,-72.84471550218859,-144.7345112369144,-137.77688167581164,-44.045039549653666,10.64820581723545,-39.326522929350176,-46.497607200702674,-43.1301503842038,-39.64669051668079,-36.012542142240704,-32.36745811960762,-16.898870576930506,-8.250772002658096,8.880406251387171,-24.930049060700185,-77.40385362244228,-64.59811101110563,-16.900774021294183,11.498772596629578,-10.12861127039929,44.7620182752803,-3.379620774438621,-1.1618224001491058,0.11629988057038787,-12.296113924463725,-16.055294679873896,-45.69665373030184,-11.917217327450544,27.549055618571742,47.42017892133799,40.62442522951187,12.57370926272597,14.20528377067805,-40.14974061187422,18.60568930872705,18.183306173932323,20.294151890367047,69.97073422043445,37.75816093875437,11.563688247745631,29.900731095684023,49.922452132391754,18.570252268661534,-0.5080892578821476,41.0155903654217,43.902982830171766,-11.233873761058021,45.865549379773825,55.41360944590713,63.955964513357515,74.09615853306053,81.68130054243738,88.62300224212689,71.2053495607379,69.06533035121687,69.758009881838,62.33317520322146,21.524133507756233,-2.2780158686700815,25.23323507283044,20.903253093214516,6.001470320698047,13.527365451066089,17.465200558774235,-17.20465179940703,-27.731733574356838,-37.55288530624449,-48.16331623663734,-60.4101599586013,-71.51013402261151,-77.8582257953658,-77.61533856807273,-80.27461403746855,-82.1405719578267,-76.08223457902724,-68.9073013169139,-66.24681853162575,-62.97265751466472,-59.22846858587005,-55.73475124550686,-52.25481067449536,-48.72322234701295,-35.905905251978936,-42.21516975858039,-81.9227869310239,-34.60417941333526,-7.137382804252866,-10.883359365842326,-12.209166267318011,-10.56058060363057,-55.19063751338467,-20.16443656031464,-19.637542722998262,-18.59039802669986,-17.680162498531196,-16.77920475431104,-15.912279646586626,-15.317536659941425,-14.25573040199621,-13.864288223023856,-11.546754694268971,-11.107197394100467,-10.798797613528263,-10.51687455108835,-9.783509957559826,-9.753241798117184,-9.50875409208288,-9.35420484950717,-21.486225173819548,50.04708641371235,28.20753467999384,-22.166744814606773,-14.639748316683836,37.37583606523981,15.914819231283218,-8.815711093041465,-9.498345566452876,-10.369601674745361,-12.450205128652563,-16.104043595761325,-16.251184850673198,-16.623379593749547,-17.597983785643166,-20.017584863022293,-22.641632442828993,-25.247023368110945,-27.794436120173216,-29.81803403357145,-33.50485321138666,-42.49662773332395,-38.88091215012101,-52.40489930590627,-59.07138086051563,-63.56022046420196,-48.73069986361986,-33.74371852534452,-46.31941258282768,-73.09583804604199,-71.83123763340905,-48.84031956020442,-71.43882078496,-77.17704310679756,-72.49589507159422,-92.65341284764207,-86.39727718606767,-98.64786750851408,-65.92305654966083,-58.09680273660433,-36.018606977812965,-1.3716090702673682,15.009643431295444,-3.880119041953094,-18.722084476847044,14.070112635394253
15.999266362318394,51.911870695142646,49.957238364645264,49.498590243941585,48.58894420147389,47.713087053992226,46.87463224213257,46.07731128860674,45.32467541982617,44.61960066729158,43.96392552553775,41.0821237776775,41.392387532447145,42.2677650861624,42.51276673078979,-7.5311853489074565,-36.793532291249676,30.888607072101877,94.21552266209082,83.99607757886952,38.907083777209664,32.87426423894695,32.05426170236251,69.81760463279943,108.63154550325123,96.26167269558823,58.97059789633386,18.863240227899723,9.871188385024197,-1.8800583079425905,-28.43376340490613,-0.9432047707168749,63.54083521849316,78.92580112798214,-3.1813756375950106,-80.71997402401075,-85.74223849285295,-23.111536666430766,-4.294452163082269,-52.510193304520726,-70.07675545591769,-51.20772475252204,-55.85480800930844,-68.00406096566985,-90.074862619128,-126.12022359757441,-95.93633389040133,-23.74804460578457,-18.323258309153346,-21.20244978433834,-51.71455267348347,-46.39604373554877,-42.26021064871816,-39.00321272811749,-36.3474580436972,-33.70119899166784,-31.037782146564297,28.953490061135085,24.247974578116555,28.11509081785698,51.88161182530257,16.8988347149907,-63.16163804021426,-101.87522609124716,-11.50277778635133,-9.2289557144328,-6.967259995357892,-4.710448514765673,-2.468705317409615,0.7535224680708552,28.78529181334943,-13.751578923515282,2.7745965569843065,34.92732893082217,27.39533283155731,0.42589934971283583,15.61052212430235,17.707630932654595,19.773032693296855,21.862623979527257,24.0535316484048,21.971301255287017,28.43124779021612,30.519732552410247,52.286271077447395,35.96297633120412,21.16712553143384,57.40175555913038,41.74676358352927,38.18449991836633,5.1962023500213945,47.10836314657895,49.12478940194137,50.334126386600765,52.26194677706961,32.328371086593506,51.658211551842314,53.007703098857874,51.772732108611436,50.59440715374595,49.74695838798237,39.468512381884125,69.29300736535538,90.55369615757456,60.157145221045084,23.93831929847488,11.025584693432847,27.846353480700145,20.852338668414347,15.60854929357447,-16.34217374401794,-24.846308177778383,-54.18855528813947,-123.32954364938132,-157.59002779254956,-141.2664939952292,-60.61322245370684,-70.17420040287632,2.9945420839299004,-69.38701506906636,-72.8323629738355,-70.8324675238504,-69.70248655304462,-66.21617385092745,-60.412399332601126,-59.04345728499705,-54.75583353132009,-111.01814575055096,-52.000518888050465,11.624772281319792,-0.6123634986247453,-30.477888060821215,-21.062821214249198,-20.084573196780212,-30.426936776050482,-28.094114875133315,-25.393240982548562,-23.247954395615082,-21.235170034193317,-13.162505065559865,-17.58753636835388,-13.342465084796071,-12.803740941206456,-11.950155373476846,-11.649071924278184,-10.672042283174218,-9.800942301075096,-9.313963126006165,-9.776104695602164,-9.523754534861098,-8.87767605681266,-9.310470645484278,-9.49361124951149,-92.14181099564621,-16.499451664267326,47.122099943884564,43.81882239681272,25.28589767552512,4.835910739139877,-17.565955984837956,-41.4192841870879,-11.178280014375915,-12.632066744425693,-13.208135789490008,-14.137866551467614,-84.2334034709057,-19.67641006396437,-17.027712924836976,-13.868731596344134,-24.490200868970717,-26.724766202409285,-29.412790640536244,-31.438567411877088,-31.62693217992745,-35.077096099032076,-33.69126122902048,-37.1701423542674,-42.437277983594186,-76.53166849138415,-50.826587889624534,-50.80420420099301,-48.83352600307302,-73.53834657717493,-90.83074568495681,-63.665103680967604,-73.91995624042738,-56.924396521091694,-133.36940131836081,-161.8686331732705,-109.47534763280146,-25.22165602586756,12.734276091018671,-31.089095678074955,-82.24597204937959,-103.96169387132096,-76.25579173461847,-14.273180672101716,56.73060720260128,67.36279430308605
81.55966684192731,47.21411562641342,42.22376914609799,-2.2813875334213947,4.042921290913341,45.42417598444488,34.365722812311105,41.614630306146125,42.48076307172793,41.65843502538681,12.953451126088993,23.259573013419413,36.51214742879476,39.549116941209064,42.3054359601508,43.25353894851266,70.20406468614794,72.44987633664914,69.63103048380799,92.5591508516743,46.464982269139,46.784777860624274,60.456470749912114,68.36606989377378,35.46868205820101,-5.867310896638454,20.7934054103398,73.2546723177984,82.56655254350153,53.727835737678106,25.928525448327377,-5.235921602637973,-52.42920116091318,-81.75493850366229,-35.25793305769366,14.380710355092106,12.77527098345763,2.094863235554385,-27.761662719388596,-59.52391312296368,-56.84608613132906,-45.780020010692624,-48.86208233910496,-93.18839193396616,-104.55028621729593,-54.51890459631977,-62.81423737901059,-92.8763728022493,-43.900867938307066,39.8394638195761,-40.439025562508306,-37.20637187218807,-33.534439189328566,-33.20289759054914,-31.28998039197195,-29.389423166226976,28.231855050174545,-11.33360581666102,-42.82289466477573,-33.49516178969361,-13.451030651186443,-6.029848488744165,-5.3145522955507545,-12.765179506226872,-10.616261301012429,-9.649533973039482,-7.298078976595562,-5.231886537950217,-2.778935866320495,-0.7327259949697691,1.3342549829362156,15.51460344441341,1.2512270132438061,14.795748551818178,39.38117849407786,11.412367918141499,13.522585500306732,21.166695721115502,17.704561501280224,19.765011671415948,21.85865053225264,23.969926309436474,62.23821954189361,82.77611671164331,36.35552553319849,-19.05560466504903,-27.896048627751952,-6.792344546247762,37.76092435022204,40.665081426779295,43.33986592235924,47.14522700982411,48.16794769222177,51.0784058932972,53.951803213976916,54.149457090016334,19.959186915224223,57.56177011696647,55.33756290441994,83.9679148680317,61.03910799163418,41.22193083761982,50.93014472458299,62.40665675042624,53.01860208963785,16.863809582607246,18.5556927281782,29.055934307426867,-0.2543442310922046,-10.372487915684985,-20.365553708147047,-29.651550835313174,-39.46520150492512,-25.034559610774977,-79.42319237684615,-68.21435090790902,-76.14510065329,-81.00781691352972,-87.35907409921879,-93.82740621432386,-97.0857369549901,-71.4329925823204,-67.59820237096109,-65.59644501769813,-61.10617166614844,-57.279098519194065,-52.63947606012496,8.219552006696631,-60.28515950595829,-99.54048019977427,-34.261658213644296,-17.989232074353367,-42.6168966355749,-36.19120496549925,-19.36617263993338,-16.263961713690406,-13.240666337242146,-9.488704663297625,-2.15371507545791,-0.7445067083994417,-1.6424491092394007,-1.1145488428619004,-5.670110260737374,-25.317454561016348,-4.703277486176987,-6.1927781505552275,-7.027850752596677,-7.07587449094653,-7.24802541411635,-7.306553020364992,-7.491508355659105,-7.765600780368251,-8.069137736746478,-8.993741781163934,-46.102961304223754,-10.088327338974185,-10.878114606766065,-15.989828245030367,-39.620646154379756,-13.119126403725858,-13.764365666685737,-14.203769251979608,-14.924609050654581,-15.749480337197852,-19.100382041461017,-4.837151196339619,-22.800273521502568,-24.736504915039966,-26.67541993204445,-27.59599401654451,-29.21549429925463,-30.183598520182784,-32.61453288434009,-35.01233945475697,-36.80451006373143,-39.19317725193329,-41.524461901145145,0.24859889588628903,-31.114503988119395,-63.859210174311215,-85.44154389149685,-86.20363048376862,-77.85351780191559,-88.8057180995122,-103.85226633612201,-64.90373216031911,-64.14028367129453,-67.33389595866437,-65.65620362804384,-63.27516774309527,-98.76346100074488,-75.84999015529013,-73.86449113210267,-84.80937442337563,-71.759069612433,-31.648900359640265,-10.957820724396584,6.344164427705778,7.129420159468793
52.94383661096848,51.249362660785096,45.785091258065876,45.02817924595707,65.40192189750633,39.97810991947703,44.42901180271113,43.47603585970329,42.582662422186694,41.75210229229516,40.98457962577138,40.278391449222475,35.672085646348954,37.858165440308404,12.508240202663728,58.00970938066666,95.1285164308415,66.35598693180418,7.714793803813393,27.104227499435183,27.384329695999895,54.4571126025844,78.9498393644808,147.94298820957306,116.70878134461418,43.93442792696533,-7.939608355113705,-4.461739512903023,23.975706192165802,42.81654000987123,64.77305332888966,17.99063304684705,-23.69226585719798,-19.248543206098987,-10.90178862273524,-39.939784631710154,-61.98185029982142,-55.10394932750562,-42.0177082998739,-15.869429753851819,-21.29039705744134,-50.68305284680601,-50.34671427865244,-52.00318008299268,-125.76087669482922,-76.35921369920743,-28.3419327806173,13.888486181815097,21.26210252348409,-16.024148350813448,-51.33657207712554,-40.831622224857554,-39.18749324045598,-36.1226266072085,-33.07924074533054,-30.20229311573229,-27.66071432102744,4.914136034240315,-14.816153500620203,-27.626715467463086,-2.1703377033018114,26.034855248759285,29.53915714166135,28.5928075082129,-10.30976096490771,-8.600358991707125,-6.728926821839636,-4.814606836163108,-2.8409610533737037,-0.8189960609784066,63.99101796892933,-0.3337226167427616,-29.326718883478748,0.9256497402457171,48.31640902044592,59.99853901351116,13.280687555231864,15.210403547951628,17.086790227064398,-63.44313038572864,-49.38688076703147,22.273147957913807,93.58209202470789,134.28036646103016,66.08378765510861,-53.23724040641264,-65.48178548448504,25.40301915958935,39.062053388028204,86.1196805423915,36.334290403756995,5.527036644449936,52.348728899698614,60.85970982962806,64.54472545367128,68.89797103921387,63.91400060600032,65.15105657888165,68.91479945083063,58.53303692907913,57.8665608425986,38.60246064504592,39.890763844818025,55.50057517008372,75.83199298342174,61.598062561630286,-2.131239966358862,-35.7699764834984,-11.840219648348011,47.21201496009053,-19.277220232106174,-25.90830584557733,-34.16024847268028,-58.29957223901192,-51.1486437628663,-66.90436319797476,-68.44852011205231,-69.23742315895299,-75.48287686477767,-73.55804277094101,-70.97581162536723,-70.1436595408872,-67.63024816930762,-63.56742423811643,-60.34997821241683,-56.99947275745231,-53.36765200962704,-69.0373558825089,-59.63128055632751,-37.247060037120264,-3.0897560138982954,9.160864218487859,-41.317255397137615,-30.438320791138153,-27.21620431961483,-23.997379711394302,-20.78179504986288,-17.96743139539356,-15.62704374254497,-13.740867675436021,-12.922493657824475,-10.999772617100177,-10.125771832434218,-13.301715109021323,-12.97030455385946,-9.638328935813375,-11.130274358646972,-11.094120380963092,-10.428375735772502,-9.524717193509069,-10.239213680080823,-10.321983131863083,-10.728900776487537,-0.4103103507459309,5.677839047970565,2.0801832475613082,24.28689175460613,-22.277613573714007,-54.31252752947444,-13.946088654157197,-14.564783242803081,-15.37274796516575,-16.05077177625846,-16.569969258618304,-17.20141813764718,-22.191531231187014,-6.3171021344278415,-10.479148589714558,-18.810691501753524,-23.24632009801371,-30.6943806402395,-32.699836916895464,-24.820013313159507,-27.223833306985185,-29.25320982106473,-32.37956123503078,-35.98301531632484,-19.181666976068755,42.466051113503,29.673625585272475,-60.203625614416524,-104.73762114331964,-72.5956259965219,-57.895684372733285,-74.67567950490854,-77.34238843142313,-59.47591092053585,-87.07581527168023,-89.46342812230014,-92.3813016726611,-110.06883614736864,-88.395946609985,-67.86669299727555,-68.02391325409098,-59.973199067575706,3.760337743627133,62.67637414611431,37.64609527556331,-34.02417735819654
36.12370093897948,28.71169319186339,23.021929220657512,43.558075805584025,77.01832909123584,48.737414577518535,37.15103878044829,4.518917629880434,34.99046523432114,2.362909312601232,21.96771894532594,35.58111674867283,38.74380552170052,39.71511237179726,40.60504482579944,48.65612736078219,97.57800214267786,57.59581878566678,4.9030985735173545,26.942087371690377,50.01820989559266,74.01940725438294,83.82669469875253,53.448516595242836,40.093663276901225,49.57181823449946,56.11664314234804,24.150433168251254,17.684852242248144,-8.294734728699495,-39.48005725206815,-24.611655823221554,24.87773981599412,41.44381809017966,28.725474021932087,-4.357898271263593,-50.983708334237235,-91.31604696324257,-50.85197742443688,-9.466891645497299,-47.3612028427041,-51.302740675957864,-46.88302126030224,-62.82298903815169,-76.84759782912897,-78.9270143680983,-73.38640311344636,-54.839508769498934,-42.320628244412546,-57.72136547718674,-49.7371402514608,-32.11450096095905,-35.32109022026992,24.187022385023283,-29.711808993423347,-25.59185433164754,-22.704648492909968,-64.1716525085385,-15.499598094602334,-19.0494649698431,-17.09072637007054,-36.464604959655844,-13.159484356199698,-11.339300245076032,36.26485767486622,-6.916091978646264,-6.366184801915807,-3.5982405968774884,-1.9715683638606691,-0.02194689038509523,-27.25101279846308,-51.81987248550922,-7.118542994307063,56.96465074160483,65.64295630842003,21.891954572385657,12.63846670554905,14.426736022595009,16.21008799303867,17.599687017773135,19.654357536527655,21.727769789335795,36.48630817596029,16.260652171969923,-16.270006411328268,25.736174498631954,93.70216809007752,57.278866275793916,34.10840059798514,37.76169337720694,41.82327210449134,44.172470300099604,48.75946898820473,52.770761620849726,60.37397240790881,92.0896474577321,76.43689174110324,84.6505100898376,89.61167723502084,69.24779522341012,68.16529424587702,66.90415571818494,49.510277268209165,32.16085317952934,44.30361491435497,40.69280811041108,14.26863098442709,8.323058182132172,-7.624501851484979,-13.740929392992882,-46.20396775975996,-32.18442364463806,-37.122205015204884,-47.023410557113664,-54.79891882377041,-63.211977775038264,-65.05486566780846,-68.7787174099631,-68.42354465563878,-67.31311305914099,-66.4562371276752,-69.58215519382514,-63.65830444503721,-61.66642592494087,-63.913284709931304,-56.7447897002836,-47.40470802631296,-36.43220063992203,-72.72214337225114,-101.22470868803968,-66.80925822166,-19.840791347171944,-12.065353781341855,-35.27415508434663,-32.24600338618754,-29.073579046163587,-25.763807129663206,-22.39582536852089,9.436447567068626,-46.50432572027012,-15.3189804094674,-9.692660739657697,-9.926941376136611,35.6927744413897,-5.550794797894781,32.163887412511485,-9.331019347822341,-2.1763356743346094,-3.7034325695403902,-4.149596767931306,-4.67602588786508,-64.78099332908414,-4.062860307521149,92.52445020709729,77.85619143129497,17.625913156449315,-27.28628740301724,-47.053599397357175,-73.84086539775149,-80.00639810402367,-41.48052598166805,4.821883918101321,-14.476171107779948,51.90396461486378,-16.75964143589718,-18.68191544228778,-20.39108677973129,-22.85162985464386,-25.02294103389636,-3.1923731468677943,-28.901515837003473,-30.201644153357876,-32.156448801234106,-34.590664819229715,-34.94712963971219,-38.324684740325324,-41.53646507902826,-44.51480562260508,-87.30043427552255,-77.13846471126908,-98.84016918198895,-63.51793238947539,-34.30366674665265,-62.61179770782155,-66.29641288512333,-64.01796013007197,-41.54346857949446,-68.25055572146233,-67.88095905512426,-71.5257428619601,-86.08006358158627,-89.08793269631141,-70.77215633458172,-36.289056132286845,-52.507189161178076,-54.25266060696595,-50.40091764020828,-0.9865244370162145,70.29177127583534
18.558337523195632,41.80307119871395,48.83816394385455,48.0095304354691,32.03463447604781,46.34742594118822,45.579045147258356,44.84896083507279,44.16047200833832,77.60751927847014,42.23730883244309,42.646816324595115,40.55601087371072,41.25025514117789,41.613982262595144,-72.54110470673186,-6.292712665670024,52.05996135650639,107.08349478282139,107.95751137621778,55.71793278966106,45.823148218318465,41.74374486700299,78.20403499155248,91.3952889073725,45.709448596869606,10.767512779660592,26.615925524944032,18.647967666979866,4.017788597251638,-49.602302731095335,11.263077858646284,75.69722874651484,58.27279760036845,-9.16741894734605,-29.480137683814746,-40.28599426988603,-62.46188545764312,-66.6523701315009,-68.5440221823795,-76.5264001823231,-53.72519026541079,-60.76006585005049,-31.480125328599968,-46.02543082012198,-100.41480060508843,-95.61112585174578,-75.84634159062898,-63.86111541704486,-43.516566175396974,-32.022113403020114,-43.31777485758647,-39.6980407867286,-36.487506794453765,-33.303701461420445,-30.32557265623433,-27.24463346810606,23.501016209477257,21.68391873254086,-15.690959773283794,-23.323595367078042,-15.607454803760447,-28.857679699356595,-29.0496415174305,-7.879632513715038,-5.402886187741544,-3.2578387116241743,-2.9563398351443055,-1.0603001119463755,3.450276801123991,56.50210920737891,85.54909548118977,40.90887067471158,-22.008158291380596,-35.70996708558857,-23.112174146505367,14.75322607990907,16.49184816992529,18.24296833392232,19.93168168895736,21.57393936398357,23.192389484471548,24.39563024388184,-0.16930494378357253,17.153987219330702,48.51268147996302,55.98196941482183,40.83211685495098,42.66160013241952,37.58446721575289,39.6245788825681,41.7565140237974,43.71750337040645,45.33215821836174,47.49509347191744,50.13003935571217,52.76123339168302,56.272817621861805,59.54575228904517,54.176439636462,55.18637573224542,70.41936546082786,53.8926787408102,66.4764983288701,88.6144264093208,78.28786109670685,44.36173402977465,-23.431369318263933,1.8503508376752507,-8.517917995881248,-19.616327964929553,-30.173702616054868,-10.560262778048127,-47.16871178169521,-55.75986372810428,-63.02775249819001,-67.08001349289628,-73.72587004217738,-82.70381244527454,-81.61357235050923,-65.34876302892063,-69.805974885257,-65.99328861133623,-63.17412136929947,-60.329401939916806,-56.82245209660148,-53.17172916761223,-45.33846958183676,-81.99524838301,-80.40935016140884,-25.459857565214406,-33.1235331035798,-67.30866293816052,-31.987118741977895,-29.01025270759564,-26.18783325852148,-23.581742021824937,-21.943157521659202,-18.121570383197124,-17.017195923807208,-15.892645266853293,-14.814663073250486,-16.456035571078786,-13.409902884909698,13.879758553942224,-5.158906504015022,-31.084549073020526,-10.424829441133541,-10.077291698556706,-9.689050602781863,-9.336099512742665,-9.011540958592128,-8.35919007673159,-5.476853548521603,-8.91866202546953,-1.4986387080277837,-33.95485185722646,-55.599341191423264,-29.68220536176159,-5.51968450713548,-7.087486825774613,-7.101204377972059,-7.078948832320963,28.552946176840578,-10.042244373724266,-10.661557082392065,-9.136178309563292,-11.966752221778364,-15.751889046785863,-19.806932585597366,-23.68381026212751,13.608499695264982,-28.835996268399413,-48.77310614094961,-60.24287402558241,-83.46317617121554,-45.11024964919167,-48.369069037493205,-36.24750195822071,-60.55696429289401,-64.47503152598597,-64.09556212212874,-74.06514731706986,-88.62670714393516,-64.85002078227544,-66.37334035577001,-68.3143638066386,-45.4984938763846,-69.99787358083755,-76.15464501110016,-93.8817427851327,-43.890456700394566,-33.20965290695449,-40.16185497485685,-68.03599382680613,-79.08534464803256,-21.914100582913306,49.715729270274096,70.95154616046011
46.43216053078555,48.05734555245914,50.10891301276611,35.21804797356356,12.176165040117212,-8.269079548356785,45.52737162623855,44.52675236863121,37.66558862747662,49.43326574657161,38.32490303282355,69.4090427163112,40.00728752887562,60.56041758804258,41.611464922667736,-5.069096407194138,-18.991171603265457,-6.4196488168118435,18.701988727590788,71.57269117467695,111.58668515269096,90.44901782933766,59.73576050778841,59.765364859449846,47.08153101454104,25.817299655052693,23.00586685110602,47.712182412336915,20.648846197710554,-10.962924141126678,-4.117268975093339,10.802445266981806,16.051588373844424,-11.424585108067959,6.507794126765475,3.934117347145502,-21.419486486100368,-20.412220700937382,-2.254399974486205,-28.188476825903308,-43.57635478870736,-43.53237782431734,-47.947958353392295,-52.07193429112404,18.743746151239726,-58.379042457324196,-104.61775276218168,-67.62085058059256,-58.336116377886356,-117.70471606212504,-51.35994452169433,6.3474726746189845,-42.34386514503501,-38.16430067965675,-34.50795032972732,-105.37466625748425,-28.919487326166433,27.22493534400246,12.102715499201622,1.420607490594648,24.925227513354002,5.05628514588534,-51.66505954790637,-11.296398871503698,-7.997863284664341,-6.191176683571541,-7.152668069963127,-5.0833534070575865,-3.0363038395961155,19.364780862945054,43.12254316857161,64.46117788612264,10.790781364235954,-36.36147177415825,-18.19476029630755,-0.5220547596667302,32.99860146574565,15.26068607915009,17.103783537270132,18.94842277663075,20.935959397269116,22.958581772958325,25.121036742658205,63.1682290886165,80.93510923482427,48.29720998065011,65.4208236378413,49.237599635657716,38.252212905410765,40.14085976572804,41.894718221264256,44.06105821656344,46.12033782446068,43.33264023152525,45.06431154905803,47.40492037400103,48.904168212379,50.23004944560981,52.108765045418295,81.83776118201723,90.48517036546104,72.69785259770669,63.38086036061418,109.54923463337127,123.8507331202868,32.254778292895935,-40.30056483148417,-13.202763922980012,-12.093652540008094,-11.733120886455708,-19.593221597765364,-29.81077165270034,-31.808333658255947,-54.25634616817976,-54.45590562525385,-58.054144306967544,-60.917062039867865,-61.072273214652455,-63.023340585879,-92.7981940350378,-93.13030126564126,-63.65478893467215,-63.09186463675698,-63.09150654605067,-61.55656886341457,-59.25806502376116,-53.975524079212775,-108.16064799888863,-23.003469210968433,-23.3553851462475,-71.405507463513,-79.2274335192642,-49.74840873149196,-32.482414354708624,-30.08264810219049,-28.08744312876169,-21.054441827267283,-18.491954075612057,-17.12824478012108,20.458605386119416,-2.463459897352436,-5.227103334610661,-7.486403400279286,-8.964970294790746,-8.974431004068705,-9.430310934164403,-9.145781049024368,-9.27035520280913,-9.591938813494139,-9.51511543695464,-9.594617554886451,-9.750273960392176,14.38843886426946,0.1519096964518667,-7.373250115115297,7.023078867825916,-8.027494535845562,-64.45728117205499,-43.10259286021301,-11.424027944936208,-11.549878133579387,-11.82957799076645,-12.224021352633821,-12.80449729939215,-13.388369850626898,-13.87338863474163,-16.360513861174525,-17.75769126983309,-18.261353496870342,-22.741092134445594,-25.725748934386417,-25.888102352365692,-24.65609084055069,-26.11008486887718,-30.008928242047233,-34.03597675797269,-38.05106426147833,-41.76851422412889,-60.47642015755491,-78.59499081078047,-68.86016878627646,-60.42581514714436,-46.547652891521466,-48.161091436409436,-58.58009088070412,-70.39883749202697,-94.68003256534189,-75.9281606609672,-85.99116103286588,-32.235547386763756,-40.82165328664223,-103.57842195916601,-138.89846371115993,-100.67208639944829,-5.272019303615707,14.456028128649677,-13.72794323506605,-25.308497337019162,10.632521525597895
79.14350660161608,54.417594994368685,53.26366366856034,52.07127605468281,50.84998633244385,49.74126954722692,48.687958503826806,47.69550044748923,46.15836135035413,45.91099093413093,45.59416526352611,44.879775807717365,42.83409969454564,45.163435597430386,26.199524972816448,33.09365736282791,65.60290687649876,82.9817723282265,41.372592249084846,27.820809727601954,65.22516804398447,56.052659001452696,43.70551877663115,41.81489528860948,58.661345607102945,47.68022882638479,28.893884028030925,29.983012507099772,39.380202224469826,36.07114624246219,14.245612412811852,-25.966013717039004,-44.626538913172666,-38.67302025999936,0.7537475665885722,32.98783043487276,22.717578452431326,-54.539244948813575,-114.10005162024913,-98.12305816977505,-44.23337985331759,-47.85937422985286,-49.844239339641845,-50.32450996285979,-86.3348201572594,-100.97714344467431,-65.29613111725484,-25.886915143203623,-39.96634712235118,-68.07312771994589,-45.685535095684074,-42.45486778816914,-39.15562904895111,-37.22172591058532,-32.83485717057388,-30.03166063096839,-23.567859384371616,-20.320646339465384,4.419574928888551,11.836484320639784,-9.738598862780918,-18.112142105133852,-13.17530607145008,-9.12055084355859,-6.542277334397312,-4.627631349726677,-3.8944120662126167,-3.114094343864309,-2.3481812363549253,0.2616759867669316,5.085309338208162,1.967548965091396,-7.265461478235011,-16.597476182114633,0.1384716751238102,14.811502555071229,10.388449253922403,11.493106125784877,13.368236488093203,16.506015918862218,18.901998408980816,21.189219174192658,99.23317453475318,74.4519493019834,-0.7914108053989821,-28.393448745431897,-24.32766717777588,22.198989415031065,48.89117520520972,63.55528308214025,47.72690586540892,51.005668423434656,61.275350962785225,59.50965245202272,62.91737746408147,64.113969267309,65.38080991203992,80.69841370101676,57.14365910805323,54.334859074146266,51.83516352292247,47.82871753798341,91.74635669892223,23.45512363765647,-52.19196121945879,-43.557913049781746,36.63223265775105,78.44778651482329,60.414370182787025,33.99473244666319,-17.038268507571956,-82.7599946863661,-122.59413709727664,-46.18737491903073,-47.301388801543595,-66.19524303284432,-68.51061915707142,-68.97182427836573,-67.73534913663819,-73.0673689749351,-66.73339326185572,-67.06881505955835,-64.61457544557409,-32.53695650572058,-41.501699892249405,-42.05142696082142,-78.30729214251733,-111.31417521610229,-110.98652713613546,-49.499561494670616,-5.960488142471377,-4.594868082010294,-6.468461198487404,-32.84608781583157,-27.83706716023181,-28.547180753522724,-26.017420691202574,-23.462900160464486,-17.054074280206933,-12.009066232345965,-11.725445693184913,-11.314084931600746,-10.889789185590043,-10.402185023523831,-9.210663416689343,-8.514984416661775,-7.737329375376248,-6.876243238696176,-21.62202099392016,-7.616154339783563,-7.2685178231151655,-7.02373642305379,-9.03864806649389,15.966962472043178,47.92177481659587,21.16899107844756,-17.861526581998532,-42.171969955292866,-15.935776497189636,21.739424064913237,-12.57602673134037,-13.35796049664436,-14.341724623223072,-15.378227084193568,-16.46794136681836,-17.588651254255907,-20.21445792157565,-21.85202771921449,-24.378430658557136,-26.670805456379327,-28.307305020412116,-30.046458334318345,-31.890475587556935,-33.39216262549047,-10.493834133583732,-36.490392520711936,-39.51562817792663,-54.421142624542654,-30.786346516355025,-40.893234453506466,-15.020541751395285,-21.573568564665948,-90.55618968782892,-151.44736586246802,-69.77625566079114,-73.9488152466695,-75.9601265194988,-78.92235179336285,-99.47501532212209,-80.27313065867313,-95.17764001026899,-105.24158375467073,-81.73152719007476,-73.33910923065241,-59.21822241070595,16.862216028901457,84.37609334358115,49.196945084959225,-11.19217502141828
20.938446181941345,29.190550246161052,46.046734893062016,21.41070426060878,-2.610215267657395,43.96882323263757,43.42730262746011,42.974195326239446,42.616767791029446,38.28270906014029,42.94296637251412,41.965895591087985,44.023432782584806,45.97706240321557,48.42804848190077,64.58523062702807,25.30664279229086,30.773250680419096,28.18349450567166,13.766672990574307,62.89440140764691,66.70665303050976,62.128885794532835,24.24450269731642,59.11687482029083,83.42183176866479,74.71861731770764,48.87124793814746,21.515189832455917,3.802716759819674,-1.9547449042877076,-13.282323829943152,10.868100633069389,30.775503916748676,-27.554955411587798,-88.15740048818839,-77.60868978639337,-61.93287853789934,-52.27659100668416,15.179316762968483,-43.835967656629464,-45.10595818560763,-47.837183047057295,-152.55288867417306,-108.81937141787512,-26.50765744331875,16.152858866064776,-43.622317713197845,-82.76297477809885,-55.568254150883604,-35.8068117120406,-40.832542068438514,-38.73895823920952,-62.0395751642161,-71.01086876674003,-31.174739147879933,-29.062712655367278,11.400304322064244,-19.884858574907867,-59.36781846311169,-42.596971267384106,-15.298958987807964,6.70311282220996,-11.328906433188038,-8.060766736424142,-7.028360834313887,-5.258826588802492,-3.189568717871225,-1.3422778783421876,0.6208934871217338,2.555554018390211,-29.03313042100558,12.553413470738633,40.406207346312385,-1.6371078497136295,-23.994918842673144,14.221679349522688,16.200415250621177,18.188350424750382,20.124241773471525,22.026306970411056,23.912401251756805,60.48132287844055,35.35073822291076,30.836306275961306,24.43296430924829,-28.322088613634605,-33.4688669167308,38.16960069768882,40.61560546762776,43.07971240750311,45.53748874071535,48.034496130298706,50.79682207546071,53.87332757213758,57.16152957508986,60.2863885416173,60.2941409834294,59.67256044693448,32.377876983175156,54.39737026903022,86.38942668908882,78.36893713870558,70.78002882134825,61.194822411957375,37.228330616174276,59.12143696019916,17.556170127983933,-4.5214879845621,-11.728492381315675,-18.994708579385986,-26.904781523814563,-35.118633824771564,-41.98067839306623,-50.86632656255958,-55.89968736616879,-60.605631626309744,-63.87515854104069,-66.0697820276315,-70.02849301550995,-66.05063494056779,-65.23961768347175,-65.91500354709824,-66.273547697715,-65.77061701675234,-57.81637047238816,-63.445524847596516,-15.423701915465244,33.574324973187686,-6.213763972768902,-62.82467070257826,-125.18604392346606,-103.21513959915274,-25.813234779798563,-29.32585659783564,-26.892579400428588,-25.03884287720942,-22.275674714038473,-20.15227351915601,-18.802985376520155,-16.37006174097857,-36.42960492260681,-10.384618283588793,7.0902895277315565,22.664514532812234,-15.881754424451984,-15.875375006556457,-16.261046701129942,-16.4220834991427,-12.655537666690464,-8.673379484669702,-8.74978362817149,-18.29777582256264,-33.31440656061977,-27.36263977167164,9.750394924427383,46.28049984656741,64.22765045229221,23.230151822839616,-9.768194956246639,-10.434571872275363,-10.892937910456887,-11.593759816306829,-13.01615223235428,-14.549311014971032,-16.388864997016753,-18.105082060664657,-19.872137215381116,-19.814850618643256,-19.321679583162933,-51.37647704257574,-25.13033420973153,-28.87539263759018,-12.6505575321803,-32.802583155560114,-37.69452720265724,-41.60614692670822,-57.63498213787926,-72.23284867681399,-72.99849760820553,-45.42853821997846,-50.08650704929005,-89.18401060572978,-130.2746096191297,-62.28084817827611,-64.91353411869274,-62.443845938916766,-59.39223386509033,-57.52100002992529,-54.90550319158794,-35.92755840869495,-53.23926385111969,-50.666954781724826,-27.44674566577953,-27.194211536280022,-20.380523443193113,-31.521293781309282,-20.95070048176467,-4.263966996387381
22.940617167251503,49.45610113040707,48.48103772811056,31.96039047406788,12.335479223617654,45.648189878929244,17.26055981574848,37.08544952722673,38.88545727602575,71.62793640251493,59.824384212807786,39.23590453331845,14.196421736065133,24.23080867681506,40.36717566524411,48.65285345482421,23.158452351886808,16.21913265320586,58.949406569082385,72.85774177258622,31.899656368169417,23.87988457601722,27.65966009495878,76.57116327210633,74.78756381141216,50.74280440858092,45.86605715201222,52.710793668784085,75.52661610025893,71.69685698656747,29.72849019545447,-37.944456943207115,-40.77677348763518,9.76948343608342,7.1868976533392015,-21.447273382393178,-50.89088173047526,-53.8998556394084,-64.38878210148914,-83.75511335338888,-75.14742632045687,-63.68960973790172,-16.41715087843272,-24.95878395505474,-43.95950503310587,-95.66701231991874,-115.29969476606539,-85.35511864406749,-61.91016068354253,-30.769114403907224,-34.52571646392363,-43.78175824929215,-40.36545806647075,-35.94626189169969,-32.03285715945336,-28.353729968268226,-24.385532212154203,29.04272037881708,-6.499093611196713,-25.01332126546822,7.568142915923545,1.8171960796587427,-30.03975405497613,-10.64978877606768,-8.766836758159684,-6.8956939790766825,-5.401075802354455,-3.4323822847128156,-1.3182257829104742,0.6448341012935686,10.135350901017318,-18.398473185076796,-32.462281828942764,-25.172063155371063,-26.797808375368845,-6.111242862975587,18.415105446329562,16.0771876636515,17.748971991714455,47.54728633191132,19.487636760928197,10.503993592332108,-17.36395053201329,26.320995165292402,27.439810197573934,90.16953360785192,33.76019110104413,12.911479469492406,38.39805791645914,40.63644085095706,43.32166404821234,45.51247880724122,51.68070259106251,54.234845088752024,52.45649744663069,30.3563691615052,66.74960556771657,53.62504026847597,56.14978212136412,53.673431259428824,49.033352189942576,29.07240210761738,25.535646066355298,22.18234012758421,29.870909095717934,43.00701882984208,26.491266426017773,-4.034785506095204,-2.7880218058134005,-10.710508500522053,-2.38592420515306,-26.570336389781687,-34.68987295351383,-43.50437505305416,-54.37070580221928,-61.18005510919892,-68.87732093835402,-74.10104248925046,-78.55574290451827,-77.52883167789292,-74.46356684968663,-72.56805758456997,-137.16667373834434,-64.81365022396255,-58.89557822790022,6.428663437780983,-24.552518295297205,-59.63283570154317,-77.06547607390786,-62.70185415596961,-24.93639261851081,-1.530496313902745,-20.429206856343853,-31.227126334510075,-28.998608404196162,-27.244994121868757,-25.570211611830445,-19.611007060014522,-18.664339958867117,-17.747791499349937,-16.64980934481551,-15.607141657948262,-14.557343610519801,-13.580981513383058,-12.570156899819274,-11.757024767539356,-11.93861286412724,-11.623774938336009,-11.105607996618001,-37.70085482157174,-10.42335703351587,-9.89243825084834,-9.458520461712988,-17.218388153924366,-4.803956046873282,11.95904776503994,-18.695265359246427,-17.21956868865422,14.256688700350878,18.850761178033963,-9.280619774404066,-9.73102769489521,-12.922229864336238,-14.21731582256789,-16.789246298968614,-17.895635995694406,-19.149520816673473,-21.109682366003867,-23.211075729339967,-25.872397230470312,-28.53592604029285,-30.205939526619744,-32.734455161807745,-34.84555878319034,-37.26565818110191,-42.63047594988103,-47.02959343896248,-56.531096776641476,-87.813255948083,-77.09971048676402,-73.15617298669486,-31.981249243097864,-27.38539726225281,-79.81377634131104,-74.79396375812696,-69.0688638941588,-69.31084036974431,-70.74920979951534,-70.92837028269305,-73.51616377772687,-92.47049756405204,-110.87601486871745,-74.32335083898329,-83.24108479186452,-76.65456250628358,-24.686687610049376,67.91128850193309,94.72360138478064,14.274883038319786
65.25335729861916,49.163294708673895,43.84029068808253,26.965538587878314,19.864103948529248,47.469632159054186,32.95264797542404,45.87616902651186,38.76752253965419,38.78998457102687,39.66910070901585,40.69542228014615,40.93649262086657,41.944823473766775,40.96398618141084,50.6905686642358,31.818134900825953,28.592523781609543,47.57890842513518,39.971283095773856,68.6401072388885,66.71432633547803,67.95158352051521,45.705420020671,67.09385029693408,96.96913833324635,83.2792148660618,48.48673686648863,0.2362340384052004,-34.09190889260344,8.530428247268787,35.19287340757637,-15.947276685203633,-32.1415764297974,-32.444740048195456,-39.53320221711169,-48.06351990423309,-23.289998122728548,-16.25636357312453,-35.00827441999036,-62.8024294925749,-89.14456738456238,-102.51670141520651,-52.08196133786477,-7.099498034850512,0.8613384725726974,-28.79583593229495,-81.56892092951466,-100.81504799597963,-84.75825795930132,-41.13551107155426,-39.46234508512603,-37.182877550090026,-34.751815021168156,-32.64218476341043,-30.06355154935369,-26.62927557572945,-48.66679544246358,-18.324451121841747,-28.660168451427353,-16.59048301879193,-13.966362142610592,-24.34180886554111,-10.855264134392513,-9.039152375486552,-7.245971579924245,-5.460820953770423,-3.6632091504899904,-1.8484547433535568,0.05341061366569022,13.670738708478893,17.394921778049138,20.49435839307671,51.83464233948189,54.27887868307653,14.796644957105855,6.290145815667529,14.822463987988478,16.390321797665017,18.349816876432527,19.94884288000746,20.645818962291273,-40.932419534546625,23.831788520606096,57.67084192345021,68.20334683637316,81.6714716335353,63.435661001301696,33.01164831773187,36.520681334775645,39.84012524177683,43.53869838974205,46.01311295799634,48.283018241515535,50.425399907180065,55.11552777139957,59.88780364404977,62.56684137459786,62.28611258131632,63.91579931840962,61.66715730386977,45.264448634359496,53.157046961341955,74.77599301177884,65.87490973270428,85.03182884486364,86.76501854535564,21.080611476010745,-0.8335364293193948,-10.175703035068011,-19.590851846305497,-29.733397727280874,-39.85335230519189,-49.489775854763934,-55.6834031474755,-59.62305209643284,-68.48910135864486,-77.66488069819934,-85.43345985631606,-90.74849230548193,-69.11059684668555,-65.99987199856197,-152.9873238567161,-58.62977658251677,-59.734189704590534,-54.17953007984613,-49.27927646264092,-44.61110264081407,6.924421824825231,-32.19234088383928,-71.13061193877473,-43.22600472798513,5.36047807359364,-30.5719242824852,-28.96130362780407,-27.415392453932157,-25.600887420173663,-11.76857846746676,-12.860452936951562,-10.473230626610807,-13.233866710214699,-14.773750605936158,-17.387183590854022,-14.390360019628533,-13.50016157189016,-12.719936462602167,-12.491040543506333,-11.690154479041396,-11.09279952133679,-10.460683542130504,-9.942356877335303,-10.428479903161254,-88.93065074346214,14.382219334678666,61.939157659131865,43.79885459553907,17.201644793458854,19.791609753687908,11.875600403268663,-9.520667587910225,-28.97780241471355,0.5017686941314423,24.573841811315305,-14.848235182213358,-17.299194758661983,-19.2914774247957,-22.82400621927522,-24.680659422505393,-25.672504656652016,-26.731908954679938,-29.256494537174888,-31.872155025101335,-34.26683457669708,-36.4753145269178,-39.00860849390827,-41.30137379714165,-43.55269781837475,-45.535539374430186,-52.46817295798718,-91.03306288811655,-125.64300150275108,-77.24633375437861,9.497795182093796,54.33563602041477,-18.339604912673167,-70.78795495962213,-70.33314590895567,-72.54146727503475,-97.82584037144852,-113.4152952579999,-122.99156508461084,-77.48685600490262,-13.484347924983922,8.339167754234268,-28.253314952743494,-24.596483429118962,0.8370825727976126,-13.051166068928978,-7.108595712881197
3.118294599838748,7.715035088162836,49.55681812218716,29.328834525907894,40.70204942779509,47.309866181276064,46.633467103337736,46.00718432625143,45.435387288639234,42.57230335000645,43.22265925297995,43.94251160494815,44.87683531589153,45.95409547117802,55.977278888029105,19.171958859265033,-2.095403141529232,27.316472365909704,73.41840426858516,116.12045376450385,64.72320900522664,48.46531693782015,38.866278157809575,59.20672341827196,38.38849117120253,22.245422759200665,53.990836511949055,26.82196788839974,23.25857799783749,25.02600897987986,55.4104957506313,35.35735308142921,-5.464941749811601,6.329122794374143,6.331677434261792,-22.343240017507014,-68.00851062607535,-104.9989017713225,-97.01514797604682,-56.56450874607799,-38.08239668969031,-63.627323195659905,-59.839995805402395,-59.45984203975198,-115.01873831395005,-52.25027141701685,-12.853450307509092,-64.9369823423317,-102.56797356921174,-62.51872731022377,-41.37138977061579,-37.13519541347344,-24.061980752074305,-29.999191500947433,-29.276471481665467,-27.00347855181039,-45.59089320831731,-20.271403436085166,25.86112492887034,24.841822171618816,41.04965056370884,-6.380009797154344,-38.85832359675692,-11.047365820926942,-9.115704505227583,-7.194956810408058,-52.21930034951644,-48.64577640093603,-41.79238179578388,-33.58950169575746,-29.486026351482906,-27.72664150587096,-0.5832425566200072,37.44582735583663,56.1547311674899,50.46017453290659,56.29424657892534,15.92388428405998,17.75000757948814,19.59638659542449,21.47472428140452,23.361826833029014,25.27472984048731,40.38732374366282,27.940615991005725,31.42318014755425,46.21047352120513,68.58414184454386,36.798260496995916,36.37351690986932,39.6037502425163,42.16372135321026,45.0530213588637,48.14865449481272,51.46165829877762,53.8465810036969,57.135845108125494,30.377999656180236,61.40556709521769,63.742327704645504,65.39611400427526,76.93960169321201,69.56497303336027,86.89613195452671,55.97359944581535,39.73840533963755,29.950703357759267,31.39795688222671,0.6131776518834613,-9.12796973718423,-20.51219412535562,-31.842138776190552,-32.704445232626426,-45.219227195869394,-50.0469764252928,-61.44350422378071,-64.06319730841855,-67.12135315873246,-69.53724389039049,-72.10431854327017,-69.68079049174297,-71.0091060345806,-71.79656247598943,-71.54750899338387,-94.70093123514289,-92.45841223134153,-79.72353918821602,-67.42489469670318,-48.934165536545294,-38.530905348241845,-20.1254441105998,-24.74412570007371,-86.50572188912611,-32.82870347374859,-29.252682886718162,-25.09769382132282,-20.876312536334723,-14.899144060836989,-12.655070099534896,-9.193363820354122,1.5082455021865826,-51.78895573448426,-46.59779526230864,-1.5785062536593664,-2.514994331143029,-3.4283276892976495,-3.672202632326943,-4.889681978528479,-5.681292138485858,-6.464786572957561,-7.004843285969837,-7.347417239625656,-20.59895392375347,-34.208570374842736,-58.89537061811939,-71.54343987108916,-24.10971501619315,35.28183876521916,21.695723778244428,-13.638193404666332,-14.417687687839479,-15.542867506297391,-16.3865843782483,-18.19782263225226,-43.89562641567045,-19.958207326462826,-21.337189177492455,-24.740670108415728,-24.939781267954146,-26.864969419908448,-28.80011434479215,-30.311482880697397,-31.876591967142843,-33.52595923305779,-35.324350312320846,-37.15785820823076,-39.378469159617865,-41.65106336459276,-118.77105656389858,-63.926950397723886,-14.240215606820584,-8.585378740068307,-25.047932188020695,-66.6615256270652,-80.19541733081951,-62.33827992615621,-64.28031077901024,-65.98483320004655,-67.9437003642829,-70.80879520188104,-137.24729974672573,-156.5580962869126,-62.19762048206485,17.491564915987965,-4.909820606216272,-85.23552024022229,-113.93061634350283,-52.51395760380183,67.14001485542849
37.575080041091496,5.1778258649897,44.418962206774154,28.54894916222247,48.310317550662944,35.40077744608436,44.88771786704473,31.906182964954326,35.42425771355323,27.62196717774964,8.763090345109049,33.659112131453895,36.2492061519178,38.03697893271317,40.22065169789754,46.8381096780181,60.71638250852013,58.47122732438504,61.50980454462888,64.96061586169253,91.40946961345999,73.7188854629826,51.32755316385692,23.106885467349002,23.386013810898362,36.77961843471621,54.38882489027071,74.76694980104162,39.63464000571798,11.19682780752862,1.658257490394817,16.115709200799955,14.485947376834474,-11.940928551910702,-7.155646193241182,-41.51353441905587,-54.62019334097886,-58.69801146031841,-45.62122014101078,-69.92774688414784,-80.44582102185358,-48.545066889313645,-49.30864699526617,-52.14730212413318,-24.152316304264787,-116.089009485328,-127.34053444369829,-99.9206927348589,-52.92112322428602,-41.56467051861489,-33.489460938481216,-38.6714463834889,-36.83718469813222,-34.9231582383329,-32.98854393185776,-31.065660670061106,-17.739042100763527,5.105861610382817,44.56409131165992,22.269985276303487,-26.10552580286503,-63.066834359305716,-70.02535352414452,-74.98093623991116,-11.261081935557243,-9.086537964578696,-6.968245862925272,-4.853938474157118,-2.7365815214156584,-0.589181220310536,31.51753623058721,-35.93132118403901,-78.09783557168578,-14.229301743617725,62.15103106740207,93.0421355826254,14.367976555145958,16.473584411171387,18.610381762369016,20.769866806347594,22.71097185264449,40.12595708948493,16.499222832520445,-19.87185398452948,-35.39111983543876,32.899170770022465,117.18418339321397,88.06440863894386,37.6804343489117,38.27891260725477,-13.329602881651226,43.425049942629656,45.5264399286546,48.80883053153349,51.87629114005139,53.48186311161126,55.63443409698576,54.887843458600464,58.805135382217884,56.40294629750089,53.52424100472689,46.58523984180283,3.261715657712955,30.854453799393468,73.81624376267791,64.32653287446647,42.30817388828649,36.99341055822134,7.53741910071858,-11.239666506086905,-19.576262115025145,-29.793499830493374,-38.47124157008875,-48.40202642916552,-53.380261479922524,-68.74098896819407,-70.3683035154081,-73.79311536424433,-73.4793638186687,-73.66208606192419,-69.6007866350814,-73.44144186018912,-65.69918642116252,-62.051615435294664,-59.43200834810705,-54.54665514588095,-31.32900769072353,-48.71594977882728,-19.95348002577248,-30.848833958665637,-63.365928477683724,-43.89996540702441,-13.925942749429623,-30.624359943974156,-27.70979257188921,-24.73050842728844,-21.97758366445069,-79.96520553127016,-63.64161544729404,-34.71855840957096,21.8485846022445,-8.741763386298373,-4.414738468498598,0.906701225421557,7.515543597420432,9.028462746156762,7.771413177934576,-1.8253090439588533,-2.229393367013964,-2.9266217481551493,-0.4942814313022694,-1.792791524559874,-3.302801217095805,-44.05483145511232,1.0976293795793026,45.534598534517045,3.937296301713104,-20.266194417419854,-11.68007797713581,-13.2478406873228,-14.752657207998325,-16.194206520407825,-17.687849855369812,-19.356760409936363,-21.345496190252035,-23.06900364678357,-25.00446257881424,-26.953348326784635,-28.64501317989425,-30.22255208824663,-32.13875152535098,-33.93610543021887,-35.77704075124768,-37.83778898534682,-38.712264206410794,-41.606782140137625,-43.377364645697924,-37.118681411992384,-12.317573830988295,22.96510843743628,-16.05236472020897,-106.38328415735305,-139.95992814822523,-93.68137043513525,-78.61709192847991,-68.63834640080705,-67.54058734690278,-68.37470499033972,-50.27156154577108,-63.98846165144427,-21.176080751417658,-84.99601826005528,-107.04261076145667,-73.20301934900499,-39.0545859250185,-35.29143058469435,-20.914259211359422,26.124988698038123,48.44226845794833
60.637969601227724,36.01971624806595,53.167390917800496,51.78151925236534,50.42837919196812,49.111365392279524,46.9170307747263,45.46682381043513,44.09615361922773,36.41523876862771,37.102535102934866,38.20768838355675,38.37640114110555,39.20668087705293,44.71110323610759,37.21033477588935,15.216469006719194,27.080344198114517,44.5876546886253,41.18388151722401,44.64567299469397,56.94018554950583,68.54505623376599,49.54914615935695,12.941804171518015,48.20079928260111,96.45947412487817,88.65610209355191,5.717653517069266,-42.049989317107816,-16.737095941857206,-10.959129771254936,31.089196684338276,49.70464505478708,39.59062933369614,-31.70614784409554,-51.89684020850518,-7.68377036655113,-40.46531622078464,-66.05337661847261,-77.60874952638312,-50.9278057903897,-54.05183641917225,-69.32551932934325,-57.17697619069482,-61.870620863110844,-53.62674368118235,-78.66530635241543,-111.57358789915497,-74.55542272391358,-27.65447880001534,-43.43798355527886,-40.2197509376162,-36.62010748650354,-51.94952183739588,-28.944584851934877,-11.23443583779698,-20.71881228139273,-54.018043697974235,-43.65000445648275,-25.99835598380946,-43.96906010853195,-19.186291234502278,-2.2284614437183734,1.0490531297404573,4.434013538916574,6.34224147900936,1.528064700527601,1.7562541886354524,0.9261292874036826,-12.147267774247894,-3.281124940772713,-5.412821687610631,-0.12037088791021233,33.33001532619414,46.463602276842494,0.7960277200796577,15.736206231103935,17.168788414453587,19.103657274838454,20.496882024486098,15.3677404918094,20.49019816229675,21.004571802870487,22.110042935785486,24.602581287030944,39.1099276716227,56.59963061397343,90.97958079179625,52.037554216515005,54.283106312837425,55.53649290610696,55.073871380948894,55.295116297309285,55.539516266844984,54.41434434843484,53.53652342113102,51.981919190772274,49.624483334227016,47.90465476759483,46.345486494054455,46.21291241585686,54.69731846744702,59.078939810210386,72.9620968288627,44.91565388361823,2.836913408438477,-13.991536738137711,-6.998206379960237,0.6638226559878149,-19.23195155755087,-29.660893368422308,-31.14468101882443,-38.60703093789266,-58.48931871497791,-78.2662926590865,-62.70429508631682,-64.22537661437738,-67.71725316966692,-66.07876935857274,-68.15020963316263,-31.43710138633378,-67.8851959362271,-64.15414496461446,-61.911936002525074,-58.26498114330235,-55.929937448380684,-65.84986642701642,10.884096075549223,-16.92836065603933,-65.01953227946626,-72.27878001400586,-37.01722861380654,0.7935100618769866,-26.094746668334665,34.30667174078599,-40.484078475094066,-22.376609672762854,-7.485593682084655,-8.042417314804162,-7.479210319843581,22.867474162069357,-6.095915165360964,-5.247369027393013,-60.3846691829641,-7.885090174715026,-7.815211224769261,-7.316503200789166,-7.1343674696022665,-7.220772809183891,-7.3115405265471285,-8.365008418796073,-7.968083927577501,-50.42755326419774,33.48953551975001,64.87582414075564,44.141327659078684,19.411568895970163,-35.766325494384546,-10.863224149114483,-11.355604097205294,-12.022679333513643,-16.029904516069124,-17.40805265373352,-18.88160083207798,-21.221585863085934,-22.523079872932158,-23.61104860614428,-25.55534952802293,-27.8682200467844,-29.71488252051263,-31.222906688791113,6.77362032647693,-36.20050406315016,-38.711657349848,-41.128573452675596,-43.739624993219934,-46.64167460017376,-60.8845697764973,-49.16639793752776,-63.6926559920571,-83.01992480803096,-72.7248119480787,-41.56061087310684,-44.19132420564053,-65.90748403074848,-65.67876093196703,-49.386447917058376,-104.17734528433493,-81.2225086424134,-77.34680254576188,-48.17146520938936,-96.33228686329585,-146.5517409970447,-73.59076407880639,39.468155395755275,59.64321845710401,-18.627525950671952,-56.73881245607697
16.728093352362066,48.0739391428906,45.38692111390782,43.132593221836444,41.42689972163693,43.63140184548901,42.756183329884784,41.93042456665779,37.33027629224652,78.70095607842188,69.69083149401125,36.04511856119891,49.281999623938646,12.277523040488859,-6.34309415633868,-19.769474139249724,-3.1265368870851944,29.122610317609542,38.41695485314392,27.251377788777347,35.70904137048558,75.91293360663985,116.0948232809908,92.0743773678978,29.873571052361058,-5.606335240350461,51.953699063396016,81.0852012009691,56.96244825276244,25.238972090024845,31.763515854942398,42.67663746068206,19.96811516937077,0.5648926044545988,-24.373237600406924,-35.80518713904621,-24.647199981920778,-14.822221641739475,-27.872551147722533,-58.8803928295481,-48.69584448762433,-110.36372926052763,-51.42295669196119,-38.20284664453368,-23.235903456289407,-18.74346424301359,-75.59039515620225,-141.21953248842965,-102.17007472990008,-3.378721335453065,-8.761946599895964,-39.878212719129635,-37.796729346057404,-35.20046235792395,-33.19272936885574,-30.865866886830872,-29.29478044438983,-19.97031047852856,-28.009965832460693,-35.975170821312815,-55.28370753379568,-64.51282831002754,-9.216435591884874,-13.89524492274856,-11.533386380321431,-9.30548067059803,-6.984799475351679,-4.712955958649033,-2.4353897496358172,-0.15235937514059117,-20.917814756050916,-5.215345817303387,4.0953154052913305,13.022130179614123,-6.389008187077707,-11.184292548780377,15.856042519165442,18.342334663333105,20.61321329206926,22.928769717827777,28.4922187964803,27.396816324966267,-2.626190525382299,35.97977087269237,46.85675122306452,53.193477578671946,51.39344561466737,27.060339860287513,9.675497833967029,41.52448847943697,42.854116198928764,67.55248799173205,45.931404902483536,45.3349194853362,49.256302393094444,47.653157947093845,48.058904871741596,48.01888914623349,46.09513801629379,44.82191468716016,42.226909171156635,32.32069332636706,70.53577285587494,56.59768559652957,37.977978366608795,47.17115990788716,6.756349745569878,3.0621034126982067,16.54008643112435,-11.815730557790232,-18.593313944544718,-26.85481132506544,-35.92851742252208,-64.75477724261191,-52.74504870165612,-61.75912629477506,-66.05444710098499,-71.20441177647959,-74.0324479916506,-76.62961469955611,-70.87265616429104,-67.54860989491621,-64.52013262498383,-61.41649766523828,-58.347504128813455,-55.62710550825361,-19.25259570547371,-5.987085804690423,3.4810461974050213,-38.193719544679425,-78.32664379213838,-82.66913408637993,-59.98311372054991,-26.090589192794823,1.6213951557679138,-25.19074421928117,-38.1339314097263,-19.075886868120634,-17.486031656607437,-15.50604059419399,-14.013552693279621,-12.052834491128507,-12.226668936048348,-11.51808501274352,-10.867961733607011,-9.64070766077042,-9.962802351519493,-7.366391367196261,-7.198152877349827,-6.883300559516219,-6.607428055877802,-6.593648468840997,18.60140834242293,-36.177832432383866,-62.07240735068433,-8.51456497800583,-12.479250637716405,-33.89642740857653,-31.322381345624308,-11.40691469226163,-12.386069739074067,-13.47271480751995,-14.662495636097027,26.284824368482987,-16.176792691563307,-18.016896072458337,-19.63274722265423,-21.447590344366546,-24.605865436529385,-27.049839851299325,-28.9743306462164,-31.26802691043217,-33.58744489294776,-36.00196811268012,-36.80763072535122,-39.76805727146147,-42.970396337323905,-44.727469094815916,-76.00663607303068,-70.75601464021929,-15.351867014964228,-17.05107288679619,-58.14225067001826,-83.32419770628485,-85.03286339324694,-68.03523308367656,-102.28570214101137,-110.36788086579554,-98.10986918057154,-75.20663613703988,-60.37925354147774,-51.65539895185162,-40.56862172052172,-23.8091059044159,-21.044094106283183,-64.58350336690091,-76.59721175111144,-1.3406763874081662,60.3209986839413
23.9120071441489,55.68593965977265,53.70746211773586,52.97315301095621,48.53384896574116,50.12268826171804,40.29426099219352,40.64800835543993,40.773451177779705,40.50436285616702,41.29897555739102,40.96877773128472,40.38667069184747,40.650044774885544,40.88736834820861,34.90081871161874,70.52415529970274,34.22456654370535,12.519212680737382,34.44885845148724,30.38838489914997,25.386398678832506,24.67319735001638,104.95500126360912,122.08665586105508,84.1203068746945,21.88607479901748,-15.74405665833001,-27.539098625303822,26.185632610686298,84.1571679268477,62.13191050178875,-14.19386051321635,-60.939741438572355,-16.315863551057646,6.825828461261693,-15.285163031123375,-43.57496491567366,-24.01352433183274,-6.624170927451928,-57.51941724618564,-126.87759257248717,-51.70214000754575,-94.43898061183472,-19.226185859231464,5.273760202880965,-26.43592983790768,-46.153909935719184,-54.95931988392863,-73.06450314490621,-46.70822732584608,-44.217673239866656,-41.143258082581525,-37.869288785018824,-34.66634832252805,-31.609681975288822,-28.95664533649054,12.408653413060378,-24.121713362729224,-43.427928191260776,-33.9360229766603,-5.037128935289047,7.771230556545447,26.561612287726007,-9.783650720984852,-7.337860573290385,-5.641994200452231,-3.5878610672704525,-1.5291659976566336,0.5333987561107705,-44.8545108381536,-52.92256305071896,-8.149480863479312,60.95539112443748,80.16225013530016,38.994565306610184,15.269249251607192,17.12171068313407,18.937604041351506,20.978808948600445,22.81932332371038,24.6703675610742,-11.464343906222439,54.922993823006436,87.01247298672763,22.353938076414124,-37.89746075538187,35.792507818472984,38.719398410378886,87.4768575173432,42.73547753954507,44.78637169530094,47.17729146249059,49.45149097083093,51.43277562739459,52.880992655342695,52.291222148930544,53.494161740703746,53.200062355375984,52.487046385955296,52.118829609968465,21.99797826653787,31.911202555557907,66.7174317184099,95.67941764917691,78.20129619541012,45.00780492848105,13.574840159916675,5.581405952617615,-7.029250454761325,-15.73004260208586,-27.368590554577054,-51.75652367034263,-50.154809181384906,-60.77866990829159,-70.07576737032679,-73.54798455379955,-80.36458240650276,-85.82215204461747,-77.41383773451861,-78.4657663580991,-136.5503354647035,-14.20364881475416,-65.41547338031737,-60.862875996461725,-56.828890405729425,-53.37387963313904,17.77195501956021,-58.628382546938155,-127.36643809374482,-69.15636655852904,19.568746357392683,46.11866781512413,-31.31810194273251,-30.194546358149168,-23.052311334473956,-20.940731363444726,-19.38573322027274,-77.49821978439218,-17.006052200598134,-16.08512419501419,-15.221413440800383,58.85221791320896,26.529840936704204,-12.418590542243479,-11.368327966574142,-9.725567262962787,-8.942452417180629,-8.098385594340385,-7.3273638188517864,-6.608356319644432,-6.009262128767887,-7.434517692873408,32.035229281778925,-18.297285541214478,-67.03502031763196,-2.197467111185688,41.843383273402424,7.756248331485949,-8.18212657980903,-8.943610489101026,65.03608159058717,1.523442282448741,-11.03069850760437,-12.849133354302595,-14.760345199142975,-16.725627126205396,-18.77180600502423,-12.376400738369512,-44.21209009153495,-25.540454901403542,-28.64731092213964,-31.084762848376002,-34.030937424597454,-35.99356461512157,-68.41030702771286,-41.581009777748676,-42.48447516619012,17.786753384454844,-32.72426908647412,-113.5017568837502,-133.87780919117267,-75.99678554210823,-15.473778204445352,-71.02611918553053,-74.50535485421138,-75.93884232560993,-77.90845415448283,-86.60195617443549,-123.25410603283194,-94.32464025448155,-92.89950772062338,-78.64993970374212,-46.55411426929095,-3.210189112066473,-4.085058882275916,0.5247539831473205,26.476497112153538,45.75471292195084
49.069857159240314,44.95194027116864,40.909459904771026,44.98827925181236,44.25784663604992,43.443909429659016,33.3888672432052,33.773672239085954,44.24092815545214,41.084414131079164,20.26562499693692,40.79307046818289,35.89290392594893,38.77916918427775,41.51977488382323,15.445793876254356,118.84121157132086,115.22123015918896,41.77810689554644,53.21092665533797,63.254558318818454,39.75717512767585,18.343051398995613,75.88428180077335,97.48050911376595,71.47009460856665,26.835233055235676,-25.527142055036165,-10.888672647657131,20.464945333689798,98.53512668639132,24.33717442257057,-29.22260181862805,-22.39457357851188,5.373019604797491,9.013918943013437,-34.600351222118206,-93.16339899556306,-105.57167871044612,-53.13045561992567,-35.12700354700564,-56.776625987360376,-54.105638134032425,-64.72887684397074,-70.4748880642883,-68.16667690320304,-81.52148052245593,-98.37077122064886,-46.09149146908203,-4.231643690873625,-1.6432918086606492,-40.55249098581916,-37.85712342903069,-34.96571021213768,-32.24950773548977,-29.397541833346907,-26.997167412371354,-25.967314714622717,-14.045338037127067,-45.925969332230125,-59.40427299839848,11.773432719041011,87.05831875007652,-12.563408596897858,-10.56725816401324,-8.598887451061671,-6.666608467041996,-4.6314259545032,-2.5569685635995256,-28.8835579993073,-29.887198356397903,-21.885070255859205,3.2164038619537223,-14.491108148888543,-36.06230058980964,5.057635968527393,13.411264423374533,15.278281368037952,17.566678510982513,31.483876299056647,21.316455919906318,23.07330403601567,25.461987085464173,35.589080855914744,15.642200824549036,32.61437333156222,48.06723818108685,-1.5323343968966583,38.404211165589054,40.35675763790115,66.45344866464688,42.93233290673243,34.644817422184815,67.9143684548294,68.0311409975942,65.34022289034988,71.22382067378385,12.97204218213028,55.89502973265125,50.87869299211434,53.5782043050692,38.98212403801108,51.99554222567167,147.40790083408046,151.43506828446243,41.31836219334218,13.287374046052037,24.422582516626562,-26.518706604723775,-12.066631603820838,-86.30582349136148,-13.999157158497383,-38.97343623877981,-57.45408676569545,-61.96556566040587,-66.84780195592288,-69.91090767244023,-73.5315921672552,-77.61463613903135,-81.14826145700118,-78.44105765270241,-74.02623525901697,-75.20269130702127,-36.28948549277902,-57.056828370453346,-54.37712853597617,-48.30208792873043,-31.54944465261611,-24.786039296003537,-35.45021439997549,2.4613192873594016,16.915448706458236,-29.054204594323892,-33.40675646766991,-141.09355245970414,-28.042872513541113,-25.38800637121267,-22.648877286063254,-20.64405906748958,-63.008887409958106,-16.425885724840512,-14.314685110860452,-12.063475375220932,-8.983290653625893,-62.453327707811695,-37.04169894139818,-10.110707756150305,6.192668525735712,-4.907789497739714,-6.144054744276042,-6.750168347281042,-3.0938802673284087,-3.869670081885541,34.0388430855362,14.046940751361035,-2.8685593096206503,2.0417922444180476,-28.039714484829346,-38.234960527146995,-10.086810538430917,-11.383350494129758,-12.800978832361707,-13.459924193707408,-14.801874857827464,-15.813487006974036,-17.232545406772253,-18.770679751115225,4.71136688243314,-22.44759864837833,-25.42732120247348,-27.762687754834886,-29.662768018897538,-31.607917896108503,-34.03568428600357,-36.08324222744088,-36.08707492463657,-39.236911675644734,-41.59954219538611,-29.421148958840377,-37.011166968969064,-42.206069736569134,-96.42143168148505,-112.68665508409276,-70.24502384042262,-39.412909014112074,-11.839636125159586,-72.41250780899965,-74.29473022532531,-72.8939260558402,-78.2800924318347,-90.44469789362597,-79.17780109099658,-46.385394599753454,-67.41990129739906,-70.7242207314971,-25.465489412050033,-0.6735834055607484,31.602571240280668,41.27409835349107
13.708810165604064,53.817384837770895,52.59340090771316,51.31741812003298,50.065600837261044,48.8404736114593,47.64481762367035,46.21329536355257,45.018172502971744,43.597938051601844,42.769552251207884,41.718225837400894,40.71518641320968,38.58096609379632,36.324848728469675,-19.021930730824806,19.1002162234945,83.14399143904575,120.0123583523955,68.73469160775494,-21.483909700568802,9.198385146965165,49.68441101253893,72.29082705036035,45.8574485316899,22.53240601411062,49.75516980830287,64.6621185121719,80.23980503762425,70.47065532152749,29.404665014243164,-1.7773268811736216,11.127212995632817,-1.6309621803547998,-14.861794089752038,-32.24681263804723,-30.71827808607941,-55.66994587908857,-43.94107445393638,-15.533066343810333,-51.441924841939766,-54.041845985281554,-55.576855586862976,-81.03242869138876,-63.0511456701189,-59.84124015041584,-24.424373152476733,2.2631883469921377,-19.984948350433115,-65.0081727477882,-62.2041481954018,-48.571820792865935,-52.12696355858225,-83.52684518308217,-86.58294278494992,-71.80773172115687,-30.83975939039101,22.245931887917777,33.668588329593035,-19.10998565174941,-79.53209668216459,-35.109699126915984,56.551759963897894,-8.80172550951167,-6.282674129402395,-7.6918082969326065,3.8051324792543824,5.93290238441581,6.38675058321704,6.8554092518988705,10.386243683064095,-22.844581409222883,-24.561816358657325,19.15522750268474,13.71008268097954,4.643953829674729,15.605644193918948,17.857056746885036,18.881451854168276,20.567024048291017,22.712849355340097,23.05354758655652,24.661024275253617,93.82452662515334,31.660248313375632,1.6944235658867228,12.470166660891891,21.47630939091664,-2.605384746261649,-2.1553657802685393,38.731761022378464,70.62238125173144,43.0530785100441,24.511295632910333,48.10443688217623,51.74577052490832,56.52359565835056,58.852950611596526,60.97426437529502,60.763761892266665,55.87987231471636,91.8415716772451,102.23614056923316,53.08760680885666,27.363729459421393,20.01804301613538,51.2998982105064,45.81711580548017,-1.9742344710086854,-11.933386167497247,-23.586665681549846,-36.058080608881454,-30.98648916880552,-50.31116744860904,-57.37233725109107,-62.28824643389294,-65.37859129708943,-68.56242969671553,-70.9520189756432,-69.91916950451815,-71.80819002089581,-72.91560357803245,-67.53507513248711,-62.91565828682575,-59.46587615653762,-56.070609204324654,-73.48212451705012,-57.668264127430575,-12.116585646482747,-40.96529618325667,-71.95703694133749,-28.428002861937784,12.979876095286045,-31.417730499871567,-28.147234225664448,-24.87776130705052,-21.75271736793735,-18.87248149326865,-15.93572266310963,-14.30106834032064,-12.429112728919876,-11.045850078721472,-9.170694214501964,-7.7137210955122555,-7.314252295996731,-4.8700793845235495,-10.321070159263325,-7.959467923978628,-8.591252802775076,-7.273828221552211,-9.631747911740183,-9.778164891347725,-9.723496407192307,30.24324717796462,-0.05126822795591579,-23.095389187111778,-56.48437570019985,-35.76621756194072,-44.06225016988992,-12.379714371637988,-13.099183234451019,-13.451875306113902,-14.892939314063195,-16.308986711955505,-17.911764706443478,-18.877315443158224,-21.528771125369133,-22.722358229071865,-25.488002828682326,-24.888203049855733,-26.782886410416964,-29.197127318191264,-23.782597639173105,-28.679733729180498,-33.12466272535963,-37.45456613618953,-41.02888183062842,-43.67472311796439,-4.681234595361502,-8.402844627566083,-51.40305886341184,-66.64148563417541,-72.85961684899189,-118.78097725012367,-63.30441783167129,-65.1996355103262,-66.71348324552083,-68.72592556877045,-70.06580330727894,-68.72008293114465,-86.19926584404129,-65.8910007086804,-48.60206701194261,-76.18884007736051,-131.7352976545335,-97.62143608690803,-5.430978889320613,54.609147779958676,71.1796136134048
52.96997495014984,51.96008458309218,50.77656965652372,49.61358920884783,48.47340897540057,47.35855196272752,46.054499963735466,44.920678774833696,43.827143924745705,42.77598013341252,42.04445781128397,41.11145732165994,37.22785258107533,36.57978926448228,66.23132517916576,86.655522500458,71.81093822836078,43.57424309654766,6.856030543371162,-6.6542343995344595,33.545101015575256,45.884233220056615,53.6228341706701,23.00607460076928,52.64516446107109,93.97399765803686,60.82057468469338,2.930635778099713,-7.509843134824905,31.52486707677599,67.18096874833793,47.91394119787037,16.307371185631837,0.6244131178157204,-16.103984843263788,-52.88905307646155,-60.44881939931088,-33.18841401892723,-16.482224690878866,-29.972920687854412,-62.316826225223394,-93.29320842709603,-101.43885411594022,-84.88619513183482,-65.8589840675096,-63.88553961746317,-80.52432953003404,-66.12040570782119,-18.234391646010863,28.36857103454031,-43.1155345482168,-40.057242764385904,-36.91955448559493,-33.851779223468384,-30.705789946308215,-28.51661334049595,-26.14657173733937,-24.091545356636146,-24.001201344183755,-19.64841111929725,-17.359906231580425,47.64163517945144,-13.13535086533092,-11.078941445218803,-9.233178131773144,-7.2523102923821625,-5.26191013887977,-3.387714047000415,-1.432043213556014,-11.59110882100481,-17.11979663235877,-15.363013738141149,-9.279922793711421,19.45521730560904,27.44725266689443,4.969473239784293,6.035259156998432,16.37638679113995,22.39362519149219,20.005477325368055,21.818105365865435,24.048192284032368,40.97148607232339,17.67661705688151,17.598218351772857,38.07340919201221,24.21730846810715,-0.5136288509775113,36.458618110354486,37.96856654522948,50.503350162980325,47.23035791277812,42.61064634138165,44.63352479948812,46.32736132365801,48.44874074236827,49.4758983634599,50.3237628887481,49.80404215100715,49.23103960464802,47.28150628243361,64.90194610318645,32.696827085422,26.75516621603549,66.97643523091074,92.44543799804512,53.90166542582574,-14.16350765101788,-42.01683471708225,-0.7901807742563278,-11.310368273921426,-22.18936399829829,-63.125922889099456,-43.115312203621784,-54.073003356205504,-64.47258210774055,-75.70718258668234,-71.47017277952992,-77.81089828080555,-84.92163851468914,-82.3940285338457,-78.41433735850228,-69.33974992327322,-63.99045389684915,-59.815859521496265,-56.66977395422714,-53.62041339782883,-81.37361737797983,-1.2083126917482332,17.10744714983184,-16.704108078166428,-44.455751172918326,-37.34188456203242,-54.36909982245004,-26.822753005385096,-24.003929412042567,-53.22463900179952,-15.324512636322538,-6.8810386332927465,-17.704560389918143,-16.55583389492368,-14.73569406996161,-13.67835605208333,-12.108203334889154,-12.133788620415217,-9.47810862783691,-10.247117465644834,-8.162647931792463,-7.265970606031926,-6.666032493159111,-8.124634142127679,-8.325932261338615,-8.630507188790462,-7.1973777607101965,-4.7879427239740835,41.04321420675575,20.916686448198334,11.158623770440727,-10.589523372375538,10.619517433891929,-12.445205694339897,-13.123957580287062,-14.999643918759872,-15.867179455528877,-16.374660173615695,-18.096470354368208,-18.85940733401071,-21.96406664401902,-21.819748555630582,-21.830793803805655,-27.134854659097286,-28.333193372591197,-44.73193551107181,-33.169627478292,-22.501563629490818,-38.56490879713988,-6.7208534630767645,-43.254529061960454,-41.741730941147125,-65.09896878440372,-120.18210923332663,-126.44919997416537,-50.94886388811301,17.64702567110112,-18.134257536201403,-90.54173776191283,-68.50498830503007,-69.31260969676305,-80.48185248838377,-80.76514508651901,-137.25448132211022,-64.5467324009569,-63.935141976196064,-72.9747030552312,-44.77336806509675,-29.98668180555319,-13.943712215994537,44.246874585630394,71.09482400025308
57.71805413844686,48.84506855605689,48.0637099274055,4.587397364788558,46.42128216113768,45.67958667507881,23.38609062129501,44.14997534078623,43.538083673440376,70.83044713890422,41.07987831345107,41.40630263295941,41.88660697254026,22.672619191377066,43.16537719403671,13.394492509875818,28.997935018998305,56.6133832394205,86.93078837648955,101.13489891222434,58.286161476184134,54.8248785515623,70.18933668649788,63.73532267268115,7.9946847663695735,-14.972481957859827,25.194047007744757,45.34132436140476,60.107208294168345,57.90578479664282,44.999346499556395,4.9910623741302516,-26.945745487546333,-42.177383940412824,-16.739774025815677,34.11064669138386,30.533024167093117,-41.47990474926428,-128.39016590197025,-104.19721989986283,-48.63959129812466,-53.45827805030791,-55.62503473384342,-55.175426775635806,-44.83617486391029,-74.7919651279407,-87.2955187930811,-81.34189438203475,-39.93245936765197,-29.44265421974842,-44.8344545337886,-42.01249722570529,-39.45059544971187,-36.60871226065733,-32.695587458011005,-29.83768493150177,-27.017967283980198,-65.47668138683503,-20.11578574035957,-1.029811458064387,-11.985545987349496,-6.785035153977333,2.22564207535072,13.599568673579142,-3.8888484432561796,-8.451928477343642,-6.407571104829884,-4.478123748206244,-2.626949569578329,0.13236317462038016,19.57706866138301,6.775557939542068,20.28541637367016,59.54064439535637,64.39353716280561,-13.341949054991346,12.886972290931212,14.59792003249592,16.281539133306666,17.952724094380585,20.04989735722434,21.786951150787658,74.53205105935916,42.78994758768249,4.283738197219918,12.740587071449681,42.58028481942938,51.24066177354052,58.63408389125141,40.26965043564819,41.77243230427982,43.91945349935862,44.89796088804705,46.415551028092494,46.554154582034556,50.25904808617665,54.745982910373556,38.455640366732496,56.94569667309823,59.222586252058676,60.96244303423307,91.13943345969676,102.9333790616686,106.62306219098878,72.6191268645996,-2.013646564706505,-52.98331370074604,-16.31566189192654,2.4484461712211214,-6.845984226994005,-15.973788055085379,-25.942053963587227,-36.17482941994018,-83.97072413550904,-41.310715818604876,-65.91541054466268,-53.03528438934791,-77.72636169609206,-83.84746706835949,-114.48382137025021,-74.01154060498592,-78.49496967162804,-68.57042602282834,-65.19189627606784,-61.869005306571836,-58.94258808629935,-55.42092250283818,-114.72979534382057,-79.6140891825446,-48.934676576963,-24.914101500298784,13.639158308172682,-12.462784327532063,-32.81461360016215,-29.634547292698073,-26.422734749843613,-27.036165093728343,-24.42751824758014,-18.035745843168783,-15.490448978629985,-12.677322425616389,-11.511582770373664,-9.963672081372874,-8.782277714806284,-9.471107905466514,-8.181941093293887,-7.986666681986112,-8.035575454214403,-7.83078037768521,-7.011117856205536,-6.778555592544598,25.174058465875532,2.4451360944335647,-16.43794406482965,-28.84745450530022,-42.1832927433511,-43.13204867109039,5.61561013529672,47.78227849141922,-8.719905034532637,-9.314640480325473,-12.019611729786192,-13.071914819036863,-14.314058632931378,-15.784243150639625,-20.271218377846182,-21.338531956295824,12.482485190207626,-24.89165239641997,-26.96533008960175,-29.096484802260406,-30.905703912088285,-32.823826757666865,-34.84300514669715,-73.94678144826639,-39.13880810359143,-41.36649471107356,-43.47852816865675,33.39856622043499,-48.03427732558251,-166.6964372862949,-111.4647303856027,9.139505346982332,28.918240596389865,-60.616793767733625,-64.20937121195199,-133.16090535852436,-105.47566046286624,-69.04774080228799,-25.445907305327182,-35.19874097445518,-75.82556938821608,-120.26241205838028,-110.64629136444069,-57.09783764423628,-4.218481337394678,26.530254279312686,8.615316992422663,10.35127344452394
56.43961092228159,39.754428994711134,39.69990010443003,22.365387381429628,38.53766358996011,38.70646275528954,46.55783732375312,23.58602979033617,-3.5763324721017398,38.191697027868344,38.5585077831641,38.71153390441744,38.680083430640785,38.86376500873719,44.157275945418405,55.849519760541625,30.711054098863542,23.957711189823385,16.22669678917123,10.813285928766277,33.13615653775969,54.28442262865758,62.61117622262009,35.927674743599255,67.16172290211944,80.00168513729182,52.795981221478996,67.62382723408201,48.74771963564035,27.441478187079156,-30.728292633369392,24.849783090311576,86.4386161185883,29.080327969467362,-36.868074527233034,-57.146032554647945,-70.65328736961465,-86.16748787858313,-28.70561915034159,11.714210545798323,-48.81732526552506,-52.29262114343581,-54.172316661211966,-57.542694931227786,-35.94837815420658,-58.49847080442788,-85.89961703733434,-99.01047343593734,-60.312396926125984,-20.82152603323084,-59.385889399571624,-93.77905828205888,-79.61215602624293,-34.68590229046913,3.039627869213291,5.294729684525578,-29.165711606425475,13.72978734454432,-37.955949180684,-82.69271347012534,-61.230393894553345,-18.479021434231385,5.981762781218549,-12.674953834005237,-10.767186992089975,-8.87012461023312,-6.788227200116054,-4.966238796094345,-2.926289398613804,-0.8463350712442264,1.2599557392387482,-20.893872637018376,-1.410276654275549,38.737226409399454,48.13421376979136,9.801323482516636,13.67348865178522,15.512740572145177,17.311974624851473,19.087358808666167,20.891582681562156,22.73157659306321,45.611783078298686,-35.52904342156944,-46.80129881081439,17.6674389607806,66.2831004294311,34.95074805297418,40.72462892066875,44.601576961388645,48.39531470146781,52.44402665080355,57.371878680453534,64.40680085527606,67.46757281850483,69.57595278823534,92.2461024409049,74.79148089241937,58.73465058395395,57.59864858517537,57.874891358206696,50.86917202397052,70.76831840075192,75.0348064363443,47.72941229521234,20.564361861038606,-8.600297803921194,-19.095324121178805,-6.6962571891793345,-11.281363382597078,-19.961705867907597,-28.9340383214938,-38.14239878545027,-47.33511204391749,-57.512013235506856,-81.19678617218415,-77.48993509188273,-93.2327251979641,-84.65359272145959,-83.78409358460993,-80.51014987745316,-76.3665256700128,-70.61149135445794,-65.41508260841667,-60.298835918937954,-55.19591322927488,-50.5652077353071,-80.29183271990962,-30.290537017935094,38.890505925247226,-38.61768125601827,-78.07065704406295,-79.7824548647252,-10.515640438793525,-30.51818869625602,-28.224911408134574,-26.00611762128763,-25.03160170532759,-20.78351261509181,-18.877522806184018,-17.46026389913574,-16.041208502416595,-14.826769658402739,-13.447536307702386,-12.253955758554596,-11.033429692786122,-9.351167257541498,-8.42516027201303,-7.086883270978774,-5.679854753450094,-4.351191407363242,-3.5734611672473804,0.0038551764394014754,16.52237669668864,32.88130800253407,32.84599202146592,40.82607046888876,9.739729129576972,-40.85911611701454,-9.832990645308534,-55.76015437919227,-12.58865363857285,-14.13599071815409,-15.59476603925306,-45.71177349147183,-20.010998375758064,-22.051961975577925,-24.08752278174009,-26.116442637159636,-27.9820743895783,-29.123021703719232,45.29919617596488,-33.7441646910591,-35.86463855267672,-37.996865052277485,-16.48981339414877,-42.331809691453,-44.42849766453716,-95.49580599183173,-65.28958546870763,-43.221721074907464,-59.96537855993256,-53.82795538292612,-59.202382090480796,-70.2602472567205,-60.72700932805033,-60.66268935411965,-60.388187892979325,-59.0432586104978,-60.546315404511745,-52.138213135594015,-89.21786953334049,-96.71861864344373,-60.32684442116579,-33.833756439164176,-51.34050474859566,-35.44750735941261,0.20153589187430043,20.20833971822549
55.31252795214232,54.70078250484601,51.73976149510885,48.93520925987079,46.466137419285346,44.31696818250242,35.78081131862774,47.51247508314793,50.00679307730222,53.466651604657386,33.89196506122107,43.03920011850787,37.87037012624752,12.734170153511911,13.555806449579677,18.693697042642043,46.88735709798516,33.418466595231735,53.45048012799248,57.22720949333467,46.71895868151569,65.47205733208398,74.75443419287467,76.8481292137385,35.327723485027775,40.69862333674314,65.95224672530992,68.20490757958999,27.33688197168658,-29.34134264667864,-48.256187308112885,-19.12749353297022,52.80341240602229,78.3455590221177,12.825732687081654,-48.80545740147295,-43.33465410086228,-44.480923531644294,-63.97523167776228,-51.14644621999014,-44.844098460993166,-50.294190364907706,-52.79613650300095,-61.96531029288599,-62.405574755166754,-70.78079011228988,-76.54015649919893,-67.89986978751767,-55.64826496086721,-75.95003353465245,-68.12848522975804,-42.28026735311418,-38.459952952092095,-36.682842766763514,-34.07157804211735,-30.795347886018163,-1.2054607147924798,-22.244136474560037,-36.674011258316796,-22.09238323604245,-28.177961890409165,-67.80261665231501,-51.54385146027653,-12.377413897925209,-10.371131760643564,-8.380709042028684,-32.22966695363084,53.82536301726759,-2.420813814628332,46.96016342860048,17.8785144066822,-8.569786975611805,6.157047974590029,-58.18615085381498,-11.003366591246504,22.78115029479818,13.776554304571235,15.613633857105029,17.443293587577386,19.245955300919164,21.190305491842352,23.055768351742273,20.773574656436722,-37.308105447620164,-29.003405095650805,7.050618770273786,34.05087407038923,57.58148082788506,53.005281482392476,39.89917392279307,42.05527550610992,44.709330660966884,47.642140898079745,52.65443926971557,55.08067236642955,53.25979808554456,53.45931021515315,53.1948757164152,76.14612190453818,44.630002890180094,24.237603958538443,30.928393997105445,42.11671886141721,58.25950793115214,71.66059499624632,59.65345315752563,25.890294255192202,17.707777307342894,5.047377875756865,-9.660798309725578,-18.663264701926494,-28.73385186785316,-39.75105918988305,26.41843867968737,-70.23103019705923,-64.73607387105784,-66.50109129356727,-71.44446170154016,-69.64791160106167,-63.55561830489911,-65.40347480282348,-62.59924528430332,-27.151507256492835,-28.53830018932115,-54.534071074550496,-52.34294287553958,-47.89054012862255,-27.624878281049405,-34.11682445956467,-55.293362965361894,-68.8186442325482,-68.17168014037634,-12.674913586085495,-33.26058500303314,-22.897761391698623,-28.37888921703761,-25.840076238420863,-23.620879764330894,-21.067491247631594,-18.820826770316245,-16.19490480350626,32.67028338734872,-35.690093316930415,-7.959574090023551,-4.886525986270726,-2.3241065935657303,-1.2306266242050583,2.8340488849813994,3.958154852763087,4.117126607542829,-1.668812937582345,2.010013991770819,0.09616415707148462,-56.73654759462306,-15.365878299595352,51.26143037772454,45.77377337700227,-6.1817853524753446,-54.50479951795569,-10.998968749083517,-13.194847919953887,-14.76730703247678,-16.763934243146593,-68.0844931388545,-20.385290703451318,-18.78482682063077,9.234445915220824,17.000880249937836,-28.362166707679563,-30.472925570704916,-32.66321179947158,-34.69308675489337,-36.72399074075449,-15.45746381889603,-76.18791203868977,-114.22276137756307,-44.000039292861544,-59.76975742925151,-10.963456531707607,19.2359235724482,7.632870706466747,-15.412901509913354,-44.05292308775563,-93.00597028246739,-113.26800471993988,-62.76493976567697,-64.25346732014403,-65.68448039336516,-84.1517469647776,-73.638838264139,-87.25581558782892,-41.23809077930582,2.181921210828932,-8.106621837931925,-54.01259915004448,-50.80379648847611,-2.4971421167110748,6.574721242451233,-16.964014726675167
51.596343459611106,50.596834364907785,49.624003758235325,-62.39235861858697,47.66212573996066,46.694782946643976,45.7764303084992,44.911946585891855,44.1059849030619,43.36234727225217,39.33252368677594,39.575138513714286,39.934735195263336,48.64853969199527,47.26083505327722,46.330310666505966,43.41737206503376,15.875777665900841,35.87668517107795,53.638320796130316,54.07779630943878,42.670357789643276,28.416468374397596,33.36256315010945,45.10165941398782,65.3025739534396,70.68875073573656,66.21397981725806,53.27769790392716,38.713287742445374,47.62499132423386,57.14248103194177,7.098767442384542,-49.520066699766176,-70.29897701364803,-4.790177493699048,40.40939827695086,-32.83629730787743,-120.24837804039862,-121.08297382436103,-56.38649048502958,-57.403036699058234,-61.12147755061661,-61.63277994684251,-83.73961789260284,-11.184892517776689,-25.735278881141312,-68.81177180212944,-61.77613213344557,-49.060887769774126,-52.53386990568835,-38.56422086499646,-36.0431229929558,-33.701782125773974,-31.302795713328038,-28.64007185523822,-26.335681587200966,-48.19923098095251,-67.87437811432869,-18.583427026574796,35.598668945539856,-13.99181237033504,-67.73446865475262,-9.614365443117336,-7.3934682628011075,-5.228659815700141,-3.0063964588555763,-0.8525813596082941,1.5006105485581571,-6.195183774522775,25.14799528700337,24.97085262203575,-10.615766531244844,-20.478225578855017,13.505852173820585,50.26887937008772,15.398805540261051,17.21017483190316,17.966224667616814,18.88843009403945,22.968100592145504,24.84133231713436,23.954435778121024,-51.52237127619446,-61.701073197833466,8.32073930848037,82.17904953026118,62.491172312987146,-9.964660251314399,40.80802502094801,44.292133389094715,49.07867674223945,53.27421262220412,65.95752383042583,119.03774350200615,116.6164726503597,65.0539224875089,60.95229841954263,63.43633364675246,58.89683591106683,52.666146702330366,45.37318816325262,54.537593139667024,100.96005467477767,70.02552966652411,17.820954804926714,-19.166357566353327,-23.74818622979717,-26.872735964072803,-13.020240650680591,-18.064751313114186,-24.507189327446042,-21.674976528115167,-8.001636350050205,-44.740387119720225,-89.60564402622185,-55.429887166491085,-59.284616165581554,-63.48277823295376,-67.42124765428949,-70.34393980239771,-72.19146941587405,-65.89790216139653,-66.6606524784936,-66.28973306063604,-61.55030238507402,-57.82540967014634,-121.03226649867793,-57.18692412245764,11.713780385772452,25.93243280356569,10.215141367096066,-22.379845489993386,-53.18010707989299,-30.12390686204236,-26.93772556294769,-26.249867702143547,-21.655366183365402,-20.25619483771858,-16.725201059916756,-14.897846362750556,-13.311964855053247,-11.975518116961794,-12.622286492062145,-10.487453003126923,-9.412822764049274,-8.466620528494005,-10.41045719577677,-8.584759541384857,-8.863175201946328,-9.142890253257281,-9.516404676633579,8.986530833866027,-8.599415190472428,-56.20972816693438,-41.12723821778036,-12.202454404541072,-6.462838085551539,2.2695512589073132,-11.31050619040133,-11.829104424788317,-13.486034253428045,-15.420361432160007,-13.575066936739603,-17.085147750167692,-18.536895784294344,-19.76900906406167,-21.01659920411462,-22.24610444063795,-26.355764083612357,-28.375184058717537,-30.104312506903483,-22.3178139754433,-31.55898594206451,-34.023971366868665,-37.47098665304159,-41.118653773426246,-44.53074051617094,-19.440881601702927,-29.703916686072716,-62.99601277549982,-68.77421329724393,-71.49702663765311,-56.419838340570095,-65.86837569063657,-68.43484547145978,-71.92197899529715,-66.08719387927363,-65.14668733694452,-81.5162171067893,-111.87417538285808,-81.21362898790176,-76.7072091975433,-42.20667540145314,-7.9230175160124645,-9.142264343102397,17.088903688042592,51.36137962565823,27.24849745888241
26.70390201355781,15.905973167651155,48.48208798474575,-1.7159992777819184,12.08947559002246,46.11516580626658,45.44779590847475,44.84826122508505,35.49645637886589,36.482016557808834,27.169422376979554,39.54097680001547,41.84542483097553,43.297633990685675,44.81725535111089,-22.11117061470236,1.4868791633680303,70.87378588717138,109.1691168997852,100.81962630520593,56.4589433961587,47.67335993654984,48.79671837320757,85.07460817984156,94.74663510726724,80.62041967414666,29.133387701196625,-7.036259640176013,13.50844432864477,33.8576032514718,18.359321834746197,9.5735649455587,14.748877479029147,-35.91373699140513,-86.43312727849167,-65.5667491927652,-35.51570248958046,-50.71975309017898,-27.214943957594187,22.74644778984384,-45.19771831416409,-48.793647813179206,-48.42038640084762,-51.02588716128464,-51.50332255124249,-27.655482682462207,-95.69487758354626,-122.92730476641054,-84.92903954756366,-30.751165143661865,-41.116497830793605,-38.624277639578764,-34.66250153246597,-34.102506898503535,-30.71235435646932,-24.83213397610126,-23.463181625434558,9.416575753939014,9.27065224869375,-22.76747144507317,-43.065509006762056,-56.56144115733696,-39.531515468834186,-14.121987189772426,-15.517582849162366,-10.452051734398978,-6.906027081986863,-4.804741149700149,-2.7254533815278137,-0.6334783262291666,-66.1577706519879,-6.909171731468177,62.46184582271053,56.54808063790233,8.334491800456817,11.735110844315045,13.860240136787851,15.99736100880419,3.5908565350046047,20.447934772383334,22.68637875412351,24.863209433612667,74.33890105956061,28.261353213760685,-21.006337689464544,-35.67574157167098,19.731097956218036,82.71855921882889,38.835214697410066,41.556410709899524,44.6089221603102,47.582571109233385,48.82258961294151,51.35942947099076,53.60596113463612,55.71593558729295,60.50360415234462,58.267647870280285,56.26439007881486,55.393910630154025,55.52888327069529,55.67984392073515,79.32331483692714,49.87803867701382,19.57867617831016,-1.5539990609850065,59.34093128855511,74.6652039524879,3.615741354574652,-7.283530104671854,-16.63306140620051,-25.320925845588135,-35.76077720225504,-55.05458772517784,-80.48463213645391,-69.87967661828222,-93.42495803369042,-86.3436722698693,-78.3543551462418,-78.96111327696576,-80.61445119828952,-74.18430180133339,-78.51056127122419,-65.894231275701,-119.29255345248339,-81.22776716543922,-46.4663512898851,-5.578502980839403,25.026716847994976,-16.24069536395109,-67.05308369745262,-62.02723798796342,5.868307106289194,-31.992466918447676,-30.217192739714577,-25.419510223196127,-17.50043217317898,-21.920130929634325,-19.568815202051397,-18.295764319726814,-16.64445318988031,-15.058091569183631,-15.313407270168284,-12.874383625627452,-12.09746326679631,-11.216165426456392,-10.594940742776238,-9.589758663769711,-7.856433532591041,-7.596947868283955,-9.38927360288758,-8.765016513800852,-7.5735258152063665,15.070779556269343,12.313263821166629,-4.592600603818028,-36.34673088082127,-60.665284936210924,-33.20971587703616,-10.444906143118601,-9.358823548700162,-9.724030385267437,-9.836542505902672,-10.605245550513622,-11.161255187444517,-12.011723342395499,-21.11403633304097,-22.186687697654918,-20.53314375025076,-23.617455792090112,-26.75962875615636,-29.973552000069276,-31.343837397491683,-34.99616942541829,-38.605543730604836,-42.16358255078654,-45.78678560368189,-59.45118669102703,-64.63683446121706,-51.90032716932592,-53.47604039148155,-118.1120217361231,-110.0979313482635,-8.212413549247685,-70.12898665611301,-71.45842726366931,-71.27478007594044,-72.30950023339634,-73.10547034564979,-68.9862094602078,-47.353432710379366,-93.35409629888545,-106.1163529974956,-35.350876347873054,-8.576716328585462,-54.1821630326217,-50.25083463799547,15.660307070781073,51.84769985724927
48.31298898383372,46.22834380163192,48.34711213189098,23.506109376614404,46.77004357726324,46.03183192300825,31.528474933647725,23.318637357309626,44.142871586867074,37.10849670151195,39.52709184511582,40.728962213485374,42.154929274878285,43.63854661026812,33.37013310036025,47.12208294220227,47.849977561184005,93.09957946859527,109.10188893579937,90.838412231564,29.692715944615884,0.5968389478573499,-19.534380444735234,10.886171809427196,55.200482655486894,85.28457763928873,120.43344418344839,88.78155430784545,23.964629917723414,-4.266237725945018,10.963032131657656,41.64279476999681,51.34605192347249,7.971750872721714,-66.99953625087801,-89.87437618204376,-40.51103914415853,-7.048796630270317,-57.15022556006079,-71.33774837886187,-27.560460417708782,-54.41287320135419,-58.5735878450547,-58.9072617346571,-160.50805841592592,-111.49067603510593,-17.724394473693792,-13.86730848643083,-65.70935851273407,-93.65362600459275,-50.11805494793154,-45.615088348145434,-40.814322836427976,-36.189406387502146,-31.748138253729195,-26.765142734443458,-22.238501357303733,-19.11639936435995,15.260215240900493,-9.142391401722989,-12.540210900991156,-12.089054080968936,-1.1065323664297466,-11.675231159399047,-9.900909427125697,-8.103729624241822,-6.251949245936544,-4.47432238049106,-2.5444266709170904,1.5021188776736452,35.15944135725965,24.514322725547117,-1.2242784316122197,-7.084746333817975,-49.55146425910334,10.983952182464535,12.924542481617976,14.583870772726044,16.200787514390555,-6.538678220957991,14.98745764988027,17.96987187881443,11.085019235379491,37.520911532498076,35.24297501899673,23.081516133309492,32.16889990353951,11.71956996609174,9.786964828289527,4.67105023057411,45.19219182565031,45.9241521213325,48.837933008436394,51.59980164088479,54.025886162041495,55.22230675090584,56.68437327868082,57.15322379840817,56.25326875813498,54.77357003076246,52.46634071243189,49.2885670143482,105.46333726067405,33.137784559198735,13.185463959493518,45.97556755014875,86.97893895529376,38.92502135850464,-12.551715271034027,-10.986501941743086,-21.2850429790999,-30.920482708250688,-49.59265126669857,-57.62098918813933,-65.10863592503762,-90.21374527905232,-77.15901602412859,-82.8250550256714,-80.75391989297734,-78.5833935394804,-76.53568993422824,-74.28838286890797,-69.40350126920197,-66.45255065557308,-62.5517067479325,-97.17430882985718,-52.735140696763864,-48.56138259888522,1.8280307252143757,-54.313979752218984,-36.31631783912769,-45.204227504702885,-10.171658067250405,-5.089555194419063,8.333776336355555,12.322835126843614,20.84354795003844,16.537546330490386,-21.475511993125565,-10.897512991660438,-10.294686654455163,-11.055029102021365,-11.324961341289194,-11.462641851526232,-11.7385676697587,-11.850535723314918,-10.833059747726388,-10.311625201026633,-10.718798546309097,-9.992112392319807,-9.55755275612431,-9.139351691954019,-8.552109435657112,3.2300386848146445,34.66452993010171,27.25635651693483,-7.216073488302371,-14.63141908679944,-27.029211278463663,-2.5354425676380288,27.42233160043952,-10.308609824557955,26.310893227209363,-8.782061311541753,-52.87918769631662,-51.31666540860661,-18.83376395130537,-23.05988013982713,-27.568544694020403,-24.558272752002154,-27.208245827689993,-29.752068696030108,-32.29280785003415,-35.08384989153902,-37.711980468141945,-40.29946383572067,-42.692522304167056,-45.09330080777738,-99.49901110145817,-57.36852235457445,1.7269655393832295,-50.43642346476008,-95.12125075304448,-111.26110396615331,-62.6416251158127,-64.95506863017354,-66.56351480240286,-59.47165870921981,-115.75859485532328,-117.2491391767519,-107.1792947185631,-56.35225754649582,21.01287571386547,40.85901485315571,-20.129513425044934,-101.23749591590058,-90.1410285549382,-8.688967794418204,78.10806057229092
55.23563840099081,48.817001719602274,41.55619139181056,47.56652434404805,51.32124284615759,29.86323388810797,32.69336457815143,19.966921655927422,11.776398450914769,3.232374522854542,8.467092338155794,32.57407320324701,35.79893756416466,29.321254351036544,41.05655138045239,64.8985811195987,65.93540389647205,71.75625866713517,86.91413889670002,82.41842840222807,42.09086965187771,34.96705860361919,28.911040283707507,30.96559447783791,74.19284243653601,120.1737802107391,72.9899696413795,8.287016285517439,-9.759612289330107,16.973556256110214,20.743145861881544,13.676262361254334,9.198535079887279,-7.901329234581162,-3.733893176327456,-12.061371108164622,-22.272188866165834,-56.08189918005337,-54.3830311762199,-14.565554206617435,-49.791657811537846,-55.13773420606981,-55.77382792312113,-59.01046118614765,-34.32094591305349,-29.135338924402618,-51.72331283044696,-50.66025624644999,-31.463301472741932,-49.570037071322986,-63.46535486362484,-43.4888031563525,-39.49276528891528,-35.25691152010293,-31.446185747156136,-28.28391865248645,-23.812846836724418,15.142477194970724,22.896836893020236,26.78984984080482,-11.679600685698915,-55.23269551338444,-41.21807651244126,-12.649298691161619,-10.565310397518047,40.08028003588015,-6.384027702095736,-50.00239138599136,-2.1573324830668525,0.005098351101466392,-41.77164646897381,-82.8848521869805,-8.00535389669858,111.94863570743564,77.97098679446208,-20.512298821049626,14.272822405538818,16.17472223084549,17.97199266240267,20.19258643591739,22.469102565773724,73.68552099116926,60.63455439275458,31.801157039563805,22.92563916086442,10.31444719318506,12.933273194982576,67.6241952514697,42.09090981058206,43.177050251628216,44.43629359311679,46.34067884033541,46.895491270001024,47.04719242528641,47.30048185820873,47.93335666980558,48.80804899884535,49.62887078373515,49.978729961118326,48.828435576889795,47.0894663107737,30.325773507185858,36.88218175846305,42.6314264837124,2.339352832041641,8.05323989533963,33.55391797318612,79.78190339648484,6.768600218825441,-2.7986428294439634,-12.991651020197196,-23.283588706688477,-47.30533908481061,-81.22161810074681,-54.891902921915516,-67.50019382871966,-77.74601577833346,-85.49724120848992,-89.1781132240942,-102.06162055468394,-84.87881939079966,-85.8058326201402,-121.36900148748737,-51.53335830696824,-11.730492551856969,-18.836764397234674,-35.134973099653905,-42.32445083249195,-48.038512392715575,-76.84821458851093,-94.53272278917098,-10.601918747071068,48.616903011699605,-31.343327135559633,-27.908504177976937,-27.056464313913608,-19.778985131156162,-17.055255214073583,-14.931822432202452,-12.823006904357996,-11.64254579025004,-9.966917166022085,-8.944262975465989,-8.23504371774763,-8.361356094101545,-8.575201221410488,-7.886299701273295,-7.329498045345327,-7.3203113670298094,-4.3683419565201085,-4.898280973137027,-5.33019562566199,-5.163889924484913,32.60512604983023,9.415840621264323,-11.800817558537801,-18.128725629152996,-16.345709578596598,1.3447191194291577,-12.900359033460063,-41.22933349656594,-41.02644257470547,-10.686713862415658,-11.28850096227939,-17.926431102594997,-19.606995189244998,-17.163990927477315,-23.96678377903082,-26.2073583297894,-25.05603836070091,-27.77499959359116,-16.05280468235651,-32.80339350634347,-34.934986549262135,-37.96175900344653,-41.049075629008854,-44.39563752122493,-47.883208007474536,-11.103791431428135,-23.312682261466307,-59.91910741743669,-51.18364662314298,-58.33269954786874,-93.88891079915174,-65.34281126800232,-67.38063375036748,-70.0389959312629,-68.44005532174802,-73.99772869673392,-74.43328316016385,-127.87439213756278,-110.29342859793041,-45.36210982308876,3.9530572692842725,-2.257167608795953,-41.10684697465285,-32.034619228565134,49.71492254961413,77.8652146253794
34.66973310355553,37.65775542472366,42.08956265314528,42.70073894858424,36.48929831188286,36.28380540616637,35.89366975252498,50.33920855017391,36.21491187942238,49.135421146917,44.803064560917846,39.857458854559724,42.184330765453055,43.039992031906365,43.593408878851186,32.40745256939499,45.47175893154997,23.601694916222186,32.32013227792959,101.36882025863997,139.55736374741764,86.52654303014378,25.715450634306762,8.493141014608454,1.4479268172964623,-11.54475587536831,12.181554593670171,55.47785141795657,98.57406942623311,68.130344488432,42.25755318020981,28.97777278462695,4.789472725485439,-33.01596879707313,-44.89476044345702,5.142348746595417,-6.931025556098575,-59.71983622823336,-87.2364026231553,-70.66978675941976,-53.76007249330141,-57.05825369378077,-59.37556355958351,-60.76284601129873,-32.366946513322546,6.997458184026073,-47.007042212875604,-60.76558354634176,-60.44596766651284,-104.3615758733963,-43.60676074980037,-40.86378707515925,-37.582013489801454,-0.5979717487639391,-2.1773882368900104,43.18988204650623,-27.595973989869734,-59.337393856344534,-73.17135395659534,-21.09746537733831,-18.86627958556251,-55.97180674664446,-51.610892785642136,-12.624194187103228,-10.584462195643482,-8.552190634471032,-6.53575585473196,-4.510962264304268,-2.4810331546309214,-8.177460780028696,-25.63501247535146,-13.844575105977981,-3.2894428887825597,3.150489603268838,1.641163612749427,-15.290651551557858,13.46895911534699,15.522745643812982,17.59459073341867,58.96449048788145,21.5514589829734,-5.092883853319563,-0.8053579508930824,11.666393006377007,39.23116971775471,64.28490457154754,49.68243337060949,-2.0569496622929364,37.664492432267046,39.66235825331626,41.19909180033646,43.68346870716084,34.09958441906656,47.72408980435738,49.97866081035417,52.01827077430519,10.880922787757754,78.05592398721456,52.63227990054121,54.01071828106541,26.447169362046225,26.566411419038694,37.42715256643214,87.54261258000338,62.37645788209829,12.054112635524689,37.181891304318924,29.896503106876253,2.4493358066612245,-5.2126433753771835,-14.479884346471124,-23.72788689943758,-94.13890033382484,-93.95183160080751,-119.91535878675995,-64.15421766477675,-70.04995370445363,-73.70867460950389,-76.07071022130312,-74.5601691357973,-71.74925695639804,-68.87708108354425,-65.73814385440764,-62.830510688688264,-59.6353356233715,-56.17827139685136,-45.023862011357664,-58.32633314402028,-58.55158547510882,-66.51288057052216,-37.19647888632926,-9.812833847940738,-41.57072815971969,-40.62479024016153,-25.328803800833043,-27.328294426976143,-21.744227710241688,-11.388951449373849,-35.145167219590576,-15.792728553236088,-13.504380978554224,-12.87065607454403,-10.889983984258123,-8.534164699993013,-8.08825250146328,-6.469612135583269,-6.018390783166535,-6.225842693009692,-5.837222238232437,-7.61759251829249,-8.490823897550133,-8.718698750186228,-1.6072301723346527,18.753972444805186,-1.8031515230573518,-12.397402783178677,1.3725662287324667,1.958590650840847,-15.624617418925482,-20.01339570368401,-14.881548802694553,-44.292078206573024,-17.449877386267847,-17.133280629287768,-17.695041122251503,-18.53482562289689,-18.609542631543412,-18.152304607631873,-17.312036610209656,-16.56248159275536,-23.848887736481913,-24.81786380091343,-30.79947417290677,-27.16902305003751,-28.954670406725114,-17.96199330849447,1.8952573323790602,-17.053503669241536,-41.86346442047625,-65.18974104333154,-77.94399133136847,-94.95058747814437,-76.54286700501962,-49.273347925379994,-59.17681912662135,-73.6326748613242,-76.27481465993466,-77.3837079775965,-44.698406488256296,-67.71928151643195,-62.510131864195245,-148.4432994408753,-46.81620977615421,2.0757306586415325,-22.555754911642452,-17.36524691672321,7.833499515381163,-1.53656659895546,12.27002758303206
51.051286749307536,55.48689244115262,49.48840024004833,42.72207455305734,40.425052573240436,46.43022731663805,45.49600819576003,44.611768891331614,43.78182671795393,43.00971103056496,42.297779326202196,39.3819765216265,40.429048769492915,40.700137590249234,40.82141954139257,74.04125969062585,68.06061982299491,60.93544930115877,76.42064591697408,94.64195713848522,51.40741276758672,24.41277507344671,3.311408495554133,21.828856863294412,54.10283265644739,65.86443306139245,53.142214466560745,23.909194843589944,7.33306034625781,29.423503166237765,48.24395334111159,74.8949929057647,51.05498368222061,9.061138793093505,-24.94282038760707,-74.94114994277516,-97.5070877462988,-91.64889732215624,-29.158260676372265,39.823843964456955,-45.64350847300349,-47.73340540771579,-54.24234468639543,-57.61069021647552,-143.67469758045922,-96.8070027388294,-42.248904275659356,-69.2125266384528,-58.55685835403051,-25.841931257905344,-14.323467463163524,-47.27739186523769,-44.51624763410699,-41.01198997424686,-37.43536286885271,-33.96228163957204,-31.198033801567405,-57.23780384332079,-15.028405580080289,20.57801095146533,-21.481971831013652,-86.7245512596869,-28.849049887779074,-9.669089436532403,-6.3196714435279375,-2.9576197821227908,-3.244683212227784,-3.454925592490028,0.8702585969415537,2.8298962204337244,-27.30101664074516,17.12145220110051,69.2433994077096,10.544538421013613,5.224901231556032,-2.4328106678672157,16.548603439025783,18.588613305032723,20.42326813955134,22.445376456498565,24.23651167200137,25.990559670456307,-1.5008869875264281,98.5734388516039,121.47536844779233,69.65817546332528,-2.808639596867124,-25.16299613545675,38.088498851685415,4.044580393753677,35.94986807434316,46.16178461671532,50.762334529369696,57.14341242381994,65.01392717852468,66.19860255444596,67.54288200692939,68.84370172479785,69.84150368209487,53.36722835925002,38.20988412061649,61.11208061645675,110.83693791642963,104.09380918286388,50.264154770522964,-9.952301654517669,-51.33963118417978,-45.38798984965047,-29.098067229104004,-15.276271565342938,-24.710849073340512,-34.03389914077633,-38.85765760280725,-46.98535439319227,-54.30891292294183,-60.73312345607289,-63.435354428938695,-69.01596455856179,-74.27630692682082,-64.22248822013078,-66.32254006077437,-64.73263858765962,-66.8253892582153,-62.231378975598474,-57.90995573576669,-55.6991768853966,-66.90977039075415,-24.659836662086946,-11.152350068259466,-23.05202203236422,-30.29447397657418,-58.695819014709514,-70.59879205607581,-32.33864556322237,-29.23570312614379,-26.36462072583558,-22.33661854329179,-20.141031119031908,-15.507155980488363,-13.238074535538146,-11.411037307199194,0.7598680182068165,23.99649080942703,-1.3391068436376372,8.653151483982015,12.399564582943583,-2.7519026831007167,29.708229342701998,-4.011624137786608,-4.127137868439448,-2.5238931172718395,-4.283262802186755,-5.732926199397397,40.53292614727252,15.390607765141567,-6.320290250397054,-8.930024034890266,-47.07155823803987,-46.45507818087981,-8.230312543044693,-8.587995720740418,-8.75697244080898,-8.66110184858341,9.00933017542502,45.71188100893687,-8.150886939460309,-19.46945154727281,-21.869765055479732,-24.309822902901416,-26.72309950689406,-27.81453864394048,-30.426708883631107,-30.519146999714906,-32.50181145415823,-36.442685172960694,-40.27962968522078,-44.45262616462236,-47.458132773043644,-72.98817474458338,-60.74309987417382,-82.89264003726566,-59.39139457190049,10.02898734406972,-15.880709006755751,-68.9807917832084,-69.47415685496286,-69.76671495751387,-94.17647768350571,-109.0806250630742,-78.45059561466755,-48.09356329612899,-62.30800211085625,-79.11743117235608,-71.60294802281737,-56.06385553760789,-47.066822762999664,-30.21157628060064,16.93127345029734,34.48627358081035
35.30531630458381,48.40123696882138,47.61907527514321,46.81322474272036,46.06294035674136,39.9509470224566,20.564854100471678,43.90704239220499,38.56309624084408,48.31963247402342,48.37490178687034,40.95961972831017,29.676543057068102,43.09146923974608,44.11391054289717,51.87003565675241,27.20113728838689,43.70638081747711,57.42267878750181,10.37898734480359,11.583519090002028,47.47996148334632,103.90665358114029,79.74352030321052,47.160974975606905,35.057588786142674,26.090213753088733,35.69482104953056,37.32031310876516,39.10260352309069,27.941188788676357,35.87874610502888,12.299046774491671,-37.556933901558295,-37.525235319297735,-3.3749043017041913,22.454542521545875,-10.227709370713455,-47.31115282218889,-81.76227464520457,-91.31219805254568,-60.84647554763765,-60.55033365850018,-93.42359603371165,-85.6710987878455,-57.16773806726451,-22.686592098468054,-36.6069291562992,-74.19595000217487,-64.64586975882594,-44.164876395104926,-40.44492547689555,-36.58253333638865,-32.88592707505586,-28.839381034911327,-69.1525729531877,-52.57484340145004,-42.8601626313548,-54.98112654165152,-9.984488589737339,39.5379707861278,35.37952150756155,11.795408287826831,6.021782290452336,-8.633589530259655,-4.902327443281223,-3.0442516703991345,-1.4737804676991857,1.2901496325770268,2.2269782175572743,-46.61238136123575,5.269302685551125,85.37873615388344,17.48960742241252,-15.984497072404565,19.015386994302844,21.53992952778401,18.180597743952603,-13.630185104547536,-11.951482206900437,12.333727418250191,12.702199104150168,17.960712317561274,54.1592297629727,77.34680355904584,32.42306600660504,-3.8655742290329727,17.123147819807627,42.28835567430724,39.95201680273318,39.802110844852415,41.648077593603574,43.310119091934226,44.66938901689049,45.56218737793612,46.391929272968866,47.114143423079256,47.78371956698861,47.91881264319953,47.999912492481315,48.032446305533995,97.48181736542529,119.90656853433745,67.47812592517766,-21.819232426591043,5.381248910937757,102.19136347106087,115.34663577775245,8.69062009851666,-87.847779366861,-15.956722648078994,-22.95179230348623,-30.1086599091052,-39.75857931750204,-59.41021963439485,-59.16150895024943,-61.0693771313451,-63.60602447682858,-64.94279567356612,-62.81339352336545,-21.76759050342116,-77.95918861427572,-125.87005535377875,-128.62820412118776,-83.63784976110219,-6.918052708687355,-54.81080725026386,-61.330249360961716,-82.23394944059464,-51.51711008656366,-24.72783129226991,-21.99031652990334,-11.419750088866067,-62.820359906719204,-32.400720780236526,-29.634862817580114,-26.773883902310246,-23.897800913776962,-21.293305791308796,-18.86405983284888,-16.70190860762972,-14.5857855779836,-11.904649332741087,-9.714800883168152,-7.5835933524068935,-10.506891497590281,-1.6321071391775774,29.905327320193237,-10.126861501325575,-6.435706336095095,-6.756755852570873,-6.147646143926213,-6.67387244995777,-21.78773910900452,-42.68101660396087,-33.685345420879,15.547530068606648,-9.386357767725734,-40.01623534384362,-10.427444410909999,-11.129628553152884,-11.9607937095045,-12.756049330014802,-13.382997629106008,-13.682753624286308,-13.70731984864033,-13.725820262719203,-13.499349145113001,-14.127291363732297,-40.20192595372578,-17.543952177801657,6.547639505109828,-27.5454885768404,-31.70359452252856,-36.55612274610391,-40.58658317167962,-44.80920722233407,-49.16124111746876,-33.21071480701994,-89.19803387046568,-128.01404407922203,-112.30980962094327,-70.60312349532569,-44.33223541644111,-52.7653918638307,-77.52107971426926,-74.11166391760003,-71.98889757775646,-68.10292425696963,-61.96837416593604,-44.35683882554599,-99.91730756749348,-122.0129053616347,-49.47049406067981,22.03028796991555,15.35154968091581,20.389277151806027,9.898465812361337,-2.623231616434772
46.33365591406633,42.254775528490086,48.52711651241029,27.294992230656362,10.807577414838534,46.65845654608472,46.140057624934926,33.332493693490505,41.10175010042718,42.075880023687915,43.77329009890222,43.78396792319207,44.63536951068005,43.340507173447804,46.90096611330061,73.26544052639201,50.52971613660702,34.42183277704393,19.66057927422412,26.405080797230653,62.518435005477386,59.86299377837091,52.63075752231316,26.17451792099854,60.60901129814056,100.30912081316183,98.6890803286226,49.542460191654754,-27.124735346111265,-36.5144902690472,34.362290159663644,85.49129762491114,24.89541224849745,-75.10396654016586,-85.73360691750531,-30.664493506206327,-27.277480782754992,-63.6098580404464,-74.86410445829233,-27.026211524545033,-49.363168594227886,-52.96985453674175,-55.19908972841995,-70.2148761895678,-48.63351718865488,-63.03982430768929,-89.91893545428366,-76.66585119914771,-46.02912523092624,-67.66003420409834,-43.77859213128886,-42.081827002947676,-38.64466843827341,-35.48592858206186,-31.997509331279787,-28.643383672541717,-25.079938908679907,-20.29660385562738,-7.14002213840763,-2.057867655584232,-7.688053898215912,2.7658557425639287,-21.861062807900908,-13.206719583912516,-11.265701107219087,-9.295231592845283,-7.304310130736113,-5.299494795047636,-3.2480610959904084,-1.184287821362716,-44.11727950385057,-60.88358784353409,-19.531274391016268,22.404373223320817,42.38179110973988,57.90180717273063,11.92197843746969,13.917006024817852,15.748424009613672,18.575945900785385,19.437175454704104,21.872767048389605,-0.006114161048571987,-2.300380502945245,23.706305773810527,73.56251216222881,62.38917095291481,25.344460544953108,39.757846876706125,42.533774575744204,44.03403390461351,47.1327903545062,49.86098190032213,52.49434105496135,54.69292765126559,35.84966833436624,36.57172437328427,60.96037040906148,59.26407047315956,56.39712111009093,56.26534136219558,100.66469234436107,116.51217322915818,61.048479252004654,51.06039633453611,74.55734160705208,24.277267508132354,-49.13197070767137,2.6608035915893424,-40.920853289400384,-17.822355391920155,-24.638593443023524,-35.4880463679479,-43.3522397018059,-50.871217905819435,-57.29271844278321,-68.17211207559546,-67.35038795467486,-73.62328903438404,-79.39233999366103,-84.54584289546845,-119.66958451696473,-76.11589231382482,-71.76307741339818,-67.63704631035242,-64.1840940761956,-58.1783602875837,-93.4233592655628,-119.83879830328101,-49.456052027844635,28.387877469211617,-3.985987399561054,-59.38658976247507,-28.60873387266878,-23.793975716658395,-20.865577745845883,-16.329632306770804,-23.970066266101057,-20.567474884286767,-18.62972868710726,-11.901232257824255,-11.46576317884324,-11.172297100443018,-10.860615035620429,-21.629962980593817,-2.062921577333782,-10.685925168503218,-18.665098182504266,-32.961356155660496,-60.63317314040404,-62.226790400107205,-9.45340310874055,-9.567396770117421,26.50431365730128,-35.59501469792281,-32.93524948782078,-8.825301164044049,-26.07219822490856,-21.84697432087205,-11.734915253945285,-12.383109032523944,-13.649297297593375,-22.804484224180214,-16.156911477791198,-15.861845187558238,-17.21284324925302,-18.069350235059666,-19.538019966420038,-20.96549047313583,-22.448510799169867,-23.93729730993529,-25.570611345674465,-27.06095718652692,-32.6823501344214,-33.97862156916398,-37.06436865091922,-39.49840430597183,-26.84396063148273,-27.596466154457175,-63.46417153580546,-66.92750428801787,-26.498965509884783,-14.61307598022563,-69.39198805811156,-75.46959106276472,-72.51710640624005,-76.81987112806502,-80.18099857246914,-121.60744263222341,-76.1293960337656,-51.613913897966654,-33.564673223876525,-28.601081680564562,-71.98560156102303,-117.92038593449615,-77.3358798097488,-4.121230290046242,44.03559026134818,38.879561109752956
27.029211530417456,18.879352767302947,50.288527177136245,32.542112692562654,48.386397194814485,47.52283069700785,46.7128199225295,45.96171735782667,45.27460616371121,63.084981645966536,44.10710001292518,40.42394869964909,41.78782251500118,42.982558412611255,-17.495509694937255,10.44632283123292,33.15861307019327,46.89374476095509,119.78634477870855,117.10431839335251,36.208880348500315,44.30601554916154,66.3706303678182,99.92449386799899,59.86284037998962,27.63766661675686,35.87984152400577,44.5850862271559,40.02717848101406,11.531720998056926,19.237071690260564,54.60877257068478,31.974162931197043,-17.161845687396635,-71.49916523527463,-56.57559438685712,-20.44781625798305,-4.485179966827106,-26.203679516659577,-71.27446578063689,-65.40492691142106,-57.582471784872496,-62.0193875519291,-98.8984636954832,-108.2317011470218,-78.83912598518725,-40.16592767569773,-31.352797085292366,-52.06907521282528,-61.81426900700467,-48.53669789671085,-44.671176527417856,-40.48392532184391,-36.19916822700199,-32.1793996516258,-28.177246352147932,-24.02731427074562,-24.353747557294014,-27.831976768070717,-25.807363482503263,-25.79596424607439,-16.834559127119178,6.130880799466468,34.34320113283752,59.78817401663832,1.9804400393281867,-5.039008995168118,-2.915277356318441,-0.7891588723542071,2.22509330609644,-5.958790240628332,-52.12561622434464,-42.96878767110593,1.272169341960307,26.369557600604082,11.849428513304247,3.3055183259846217,17.946115617814115,18.686256363027326,21.59460604604419,23.785311996839113,26.059470127183445,8.388710822548546,-7.2410983564695925,10.507884524055953,67.94907973280533,75.35895907652889,38.55127659443451,43.57058790730247,44.11478062318047,45.803945972376724,47.146836635082366,48.01271156645324,49.336446430833,51.92179198431661,52.11267301421142,53.325138616473154,54.37068142326414,55.49504024062205,55.81053840225614,54.7793736653758,8.510781447243971,41.16133552990732,54.84592055682859,33.64511721558142,31.268895814889106,53.28488811593479,55.9494276424748,-1.6348410102882553,-9.99771730120068,-18.218492830657453,-26.777890609765564,-36.67305707832713,-43.99900510819015,-52.939676828282984,-54.6850900843765,-66.96012944708619,-71.78777488957186,-80.61109107717306,-85.03267492938195,-69.24813249823202,-69.91660938230393,-69.53136410796436,-66.64032568410121,-59.531267227373974,-58.90042916637523,-32.27759797533599,-64.17317760176002,-95.16256291765637,-57.60985261182395,-33.30711836127654,-47.66127217812982,-30.288874885951373,-32.856058793868044,-30.204249954574124,-27.12169410381904,-23.83275260468193,-21.386431855228622,-18.97050091942627,-16.451388807581523,-13.880707019766263,-11.573531516603467,-9.477607456500678,-7.096808664652514,-9.61714289795789,-6.533525054800357,-16.607857417096966,-2.392490074889565,8.367974099746618,-1.508740009431449,-16.014756844044825,-3.560385680943824,8.902647200160345,22.593988281838335,-9.041860452405672,-36.78543362737639,-27.908169627188727,5.031956231066715,-0.27699163858505926,-13.201749872329898,-13.922835002178502,-15.132671713442114,16.925813339399156,-17.361720532308254,-17.997304814229867,-18.9935538189493,-19.90043580734569,-20.60635793500516,-26.601504732257325,-28.22885807258629,-29.923415379473,-31.702192278071934,-33.5910198384458,-44.727152830730574,-54.383070179079255,-38.63307574328073,-41.34578713185584,-26.93197194122331,-47.220109342507385,-25.713967768675502,8.614966396548283,-81.58428733004803,-173.5185026154918,-148.17494114253805,-75.74291521876538,-73.72707315522536,-70.52299607113738,-79.04399662271669,-68.99681393320176,-85.23349018774206,-67.36049703265502,-50.726070171626134,-61.54266973332369,-61.953969779115596,-25.363809891882738,24.647062456524736,11.732400020691784,-40.271041012148316,-21.51133291289534
52.92964103103941,61.83161939632602,42.59297370305296,25.37554040992154,10.7197671602068,27.95644615942429,16.793873197506684,24.181787806038074,28.676983109091623,34.68611458458494,39.68926371250775,39.45924621504528,24.323857749592662,47.69938665440222,45.22702784227069,96.65138175124866,54.4786857119052,36.529455388044425,61.58443594299615,70.13289285918643,73.9112015757745,44.67372067564838,22.809369320964606,14.649315762057768,38.30495047246643,42.252479485886624,57.17050594201646,82.72244624539988,42.14988549786676,-6.701180480348285,-11.994640929623529,14.991864118708662,12.402631190285888,-13.86355507387475,-6.047423194908788,13.572451505928939,-12.319876836393178,-46.2552388923516,-38.594815177689725,-48.21354707212777,-58.02265892548786,-53.159714373783714,-52.634250245373266,-65.66982916530878,-95.90089993826359,-76.42743177861837,-77.57805398479059,-82.87659609984723,-70.32423208339605,-23.072790695640606,-48.7152418727575,-45.11321624890812,-40.68288508204736,-36.1993531381662,-32.183233562558826,-29.005078589679783,-25.129664829626506,8.39987722988539,-18.990474692615862,-43.234983590857524,-7.559781959234897,44.06445869928848,67.61596011256125,-10.64099454576666,-9.239049595684634,-7.22571783576619,-5.434774921909451,-3.470433857305565,-1.5149536308461933,2.0183488863898447,26.94433490811025,5.75279303015364,-32.50447479359946,41.93249048636062,10.945392132869216,-24.687349549729333,14.518469372197274,16.318081236178116,18.10134601449782,19.866041352806448,21.59262296411812,23.36248125590747,5.258749374083436,56.76019844058163,63.62132839124047,40.291964909800754,7.0253104849730335,-12.016645183553464,35.96105764231784,37.67703644904785,39.36405332586432,52.99254031322647,71.27035499371505,46.27779954423367,48.04109970325939,49.19931321350229,51.50110285322728,55.53804471383638,54.97421612490962,55.084687043965715,54.306657106313025,45.78610231128971,45.31843486526486,43.543138848997046,63.669522266286094,58.69328244146027,37.10946621550147,35.650931966101325,39.77866125780186,-6.658747290257963,-15.959462999115601,-27.418873294188813,-35.36026104748436,-43.87719786871304,-53.488871760590825,-62.95798090062888,-66.59938473450576,-68.3991461661572,-68.97485731770578,-68.70378489482425,-67.63650447451766,-66.1403746236918,-65.01675771246087,-63.6048076790632,-61.44290616788608,-58.86495777640027,-56.04173741096976,-93.97445639870602,-74.26999660101865,-23.073732267884225,-11.438291382984005,-50.87220982050576,-76.31391320980852,-33.31287290951849,-29.592397819814977,-25.899034209395467,-21.908829392694997,-17.642004939960913,-12.70747982228545,-9.410115347352217,-3.726199694385514,-0.05239620546777246,1.7061885712355007,4.311783672080615,-3.325929623347818,-4.11368054392392,-16.934702280933152,2.063441749227513,-6.1358808246121725,-7.466840729800653,-7.577036832976476,-7.496289410945463,-7.6198467586468785,-7.78396334002538,-61.23877875623111,-8.962211107963967,-9.391362975172823,8.197981684242222,-52.52731709279931,-10.9562106125226,-11.386603912005949,-11.80745438423613,-12.188935024983934,-54.33678771444875,-30.848783172927597,-19.402773330306275,-22.25711089022346,-21.082447596289228,-20.368349138768153,-20.6859774405479,-20.558152534103087,-27.438337788455556,-30.07932259688667,-31.86839938414306,-34.12119722344994,-36.60786480593532,-40.5658973629954,-60.52130764770948,-84.28168577703855,-61.367810349947604,-25.33989690229737,-50.95027728125251,-92.05254682078066,-99.32321667353881,-96.85469759379876,-77.55677384329259,-79.01363425899422,-71.8504685183525,-75.92668286316486,-74.65201516185971,-72.13334749096819,-76.97867041045606,-82.4208931597484,-43.31199304105667,23.944771494715496,20.168821825978284,-11.978521070321676,-6.23778147416715,40.38093390517088
56.13745720684301,55.164405596684276,53.89516459073424,41.15971597292764,51.12048560674374,49.77185995080582,-11.378017309597908,47.166044926391535,45.759587148153315,44.522175214838114,43.530935119762326,42.40156996396195,41.3147540329567,43.61890510756052,53.93130683994275,58.04323219588058,72.66399734010179,72.20347844270441,54.77684389629576,19.982650648525464,-7.231419663935412,-42.516904695124595,-43.54533921206348,33.80053532732927,112.09882113783442,117.89799787973107,66.70302827724026,40.12753180113958,48.046038262456705,33.86878396275665,10.621878722200108,-0.7224293665425989,9.340185744570931,18.771785532375233,-6.529117800139829,-28.951554817282386,-11.99522695436508,9.131366045774598,-24.289198622554977,-85.28056912255943,-101.7919986857604,-88.1497783968972,-48.22707102090661,-86.85570648552334,-61.358859631234736,-5.434384122740084,-24.53540361448904,-49.08948299294957,-17.326501657375047,9.49271889746558,-49.20917248085411,-77.86513052123905,-110.28020787781793,-143.79953281748863,-37.101797443456036,-33.89041413303735,-30.05052195190555,-18.337453755947763,4.592154366120667,31.797348923188565,2.9304471321197525,2.597836774334155,19.824554606406423,-11.947655273986086,-9.903910197934366,-7.903547758965686,-5.930525767104001,-4.144603756708307,-2.0063415358031023,-0.2031193245697409,8.912828013530543,-9.940451470732455,5.615951829814094,15.498627553027518,-6.277898840810394,11.742772349675128,12.903677234688445,15.796449750469506,17.167405801483,18.347398935909382,19.600908391690155,21.675058570798356,-19.747971977888255,16.238143869892156,18.78153278775062,21.43184132620229,59.53459776816089,89.02525741990866,36.714315274717876,38.964589575683746,13.239735237651246,28.03246291466553,46.945619117913026,50.83600310173961,52.53604186607981,51.34492770786301,55.55428748811188,54.5923419308182,54.599750340931706,55.919798792800506,56.375814905080794,69.89549476746515,105.61119334017121,128.564675830233,37.16761410965864,-22.151941470385495,10.72640707645678,31.708326342760984,27.068933839089443,-6.607611817121153,-15.275611163894496,-24.937527385728743,-33.86462188411804,-97.84853619293762,-100.757608752402,-91.263506436655,-47.65558762804403,-58.997473588176035,-73.40390984694785,-75.56790863734278,-82.24936145121012,-91.37482492255208,-131.511122563963,-65.2326719494465,-61.43526698830209,-57.86510877838437,-54.64737748937978,-75.49680350427252,-47.13068023485914,6.281354328315501,-46.46784114187221,-70.67400095171388,-17.14026294425048,-27.591287266141535,-23.241026610705347,-19.486940940439922,-16.19326108135533,-21.14390268748815,-8.63467585964878,-2.4450982870203575,3.0076211352119344,-8.243276654958464,-8.226031508897272,-8.165122833332964,-7.580192593041632,-7.5668009608648745,-6.604380786052886,-6.823260636966918,-6.711202449833934,-7.016011883004531,-7.392904813993539,-25.348869527758893,-19.737642367085073,-11.740470279648434,-3.895099076685881,12.13990671092688,12.760226320421538,9.7469746935476,9.643136994707675,0.3635254050291792,-15.451532195306424,-16.48631319750469,-15.320530036543033,-19.613505923416028,-24.35249281298843,-28.07835595975942,-24.396330434148965,-25.875543714367183,-50.52730377153898,-25.684262618570813,-27.835209192226614,-30.134266121373003,-32.4560714340345,-34.441653075012596,-36.434547230953044,-38.39277967847843,-40.36928070510339,-41.3121830142224,-47.30932731391246,-58.4338536822673,-74.90339568767831,-95.99333046429274,-67.47632609677112,-48.91622129063205,-52.072246033187895,-62.15885185907973,-66.79138828675397,-66.4937124417635,-79.30536780720126,-58.468579247150615,-51.34202279869854,-49.35175852340319,-57.26199935144996,-60.69657037590004,-44.025130240255976,-27.79140204302918,-32.49510140926827,-29.680397617568815,12.906087440883312
66.04764210721993,47.83093997127085,43.94771799218199,6.170659650113066,3.096064185419152,45.310973506405446,44.659717756862904,44.063247411451975,31.241729299834333,33.23494307885573,33.20368219639409,33.65019380092232,38.551491915763876,48.56012023543968,41.16161106402026,19.63391933497769,42.49629349454426,83.75277356621496,63.016708840403226,32.08128883464275,55.78808923792076,65.14784475012914,73.97915692325967,60.4395075494603,75.3439355202139,95.0060937215203,64.72374475579181,-6.424707430015587,-28.234911483545602,40.255908908177844,69.39020511279296,37.79355906404135,-6.653889974202684,-27.186625861259017,-45.10830322536623,-71.41736360309369,-77.65626460628846,-41.280195196807654,3.1341497789813957,-2.9737250554512684,-40.62767120701801,-53.97017859319976,-58.848168967708595,-108.4277739551103,-72.88753337433445,-21.662079149702436,-62.38093816471428,-91.77586049161913,-28.108891450327974,39.60249306247488,-44.78686017976352,-40.867152262977214,-37.35733566433359,-34.01698493116538,-30.77935371992217,-27.365136022955312,-23.727468921420865,21.226629975271294,-7.805122522786405,-30.946148418224197,-11.399891691774428,8.430891674076747,-25.986389417736973,-4.9442563284516226,-4.465732434527581,23.454305974891042,26.782247383657733,-2.9304815946165483,-2.3755604776590964,2.8195415902042704,5.024689768699773,-14.972026324494891,-39.99778897531891,-27.024133674698646,-6.53184237896744,30.363176185905786,13.41967184199703,15.408164979184193,17.624579333641023,19.41066739801876,21.180921744173844,22.887019081145354,70.94209964797938,27.49995059248988,10.51711752293295,33.58035057900347,14.201998186226774,-12.318669259602984,37.14048276980108,39.014139537743574,57.03616718531555,42.562459941338645,43.14071624656219,49.61843094366748,57.08578121272737,85.78722893665326,66.93720831680015,66.86419472912166,66.09107221146631,94.00684931939941,80.15145640993893,61.31693742226639,45.72452481602102,65.80457889588934,75.83783296722311,34.467776997364126,1.0402464890089504,16.201583524287344,-3.116605229673837,-15.277749639730587,-22.186221496753035,-29.32285115577588,-38.513979531780706,-47.09972295346398,-58.06556204598793,-61.05564343644279,-64.23216211603197,-67.25431001752122,-69.66494352561597,-71.5592334944382,-75.74538208402714,-80.69015824867503,-66.73120637342276,-59.85915505475708,-56.512747000693224,-53.220797679331596,-50.12152693591962,-52.987300036737,-48.256651652768596,-41.574196137081884,4.430778480273148,-63.018756030181976,-34.25375018033378,-32.4384724976706,-30.54588274073572,-29.072397212811495,-26.81165900908327,-24.522852970239796,-24.48506343795931,-22.48973457893161,-20.517722121358176,-16.219197482037607,-14.839294964116895,-14.016568563088029,26.22074574207909,-12.450076184437123,-11.649443241996913,-10.890382235033677,-9.494357371807862,-8.899679705220258,-8.35582952225695,-7.779735168875124,3.0783586782747534,-8.309750820221552,-31.082959719711937,-11.43571558812755,4.620048713583131,7.127329754589937,-0.8249178425001276,-1.2195841618575685,-9.288211358583105,-10.808618811290742,-12.341061023368638,-13.856997517054978,-14.487636478023717,-16.207906922250984,-17.78629893794269,-19.504791986581992,-21.408108986253552,-23.949306689682118,-25.343229963171012,-27.719721141930123,-29.781999876821857,-31.941666262160368,-35.42270155717556,-37.13355436062891,-39.44056856652486,-41.75728924911081,-47.13222868678349,-60.73713171468444,-34.425343512831205,-11.679067131293095,-45.62140301260206,-84.75970704954307,-97.83448655525694,-70.74854154636641,-68.48551197617407,-70.84632986524767,-72.15791294126535,-73.53271269483025,-80.21220899972059,-115.78784030396673,-111.5713983278115,-53.12181666757306,-0.40897276580813013,-14.699919119975675,-59.15041290871363,-34.91787155445218,10.862866709558148
46.51890866195958,50.501944743507124,49.566291893844955,48.67664491385925,47.946881600998935,47.21837437454525,46.54641883313369,45.93652577271673,45.39373628834071,36.95741992399121,51.5201366649887,43.21908482748987,44.033619936365135,45.05593558660938,95.373597623367,107.00732090806628,54.36335454550408,-9.381413533731347,-8.024026592801874,34.96185960160324,58.41357660192739,79.13199629811044,82.72419684709757,22.497922509591262,3.959447865801849,50.52720291539117,84.99277616142558,72.66638107065367,48.254533555092394,33.77719152622262,6.260414650536404,24.076633900939214,27.60149531467914,-52.66452619305346,-62.11913120950453,-15.278903421707582,-4.76101790967914,-70.95562908229704,-89.68822497930614,-76.32902374812875,-54.0529008317435,-52.56093182937442,-54.10952624431456,-55.47405903135156,-104.42969218194185,-58.19848239604971,-16.83372969813695,-29.281179103598333,-66.30583520531263,-78.66609085289565,-25.683061411666586,-44.54152690416919,-39.72595220313568,-36.20133496456717,-33.2425729174376,-28.58892325547157,26.558314761283157,19.273400076038797,-31.02251261686979,-65.39141263523493,-46.367471245479464,-3.3040553935547905,35.522122309733845,-10.349931301336326,-8.533967153808206,-3.1033608215147943,-4.919522847589533,-3.1244800862613147,-1.3220927558659241,0.47537121080962663,11.210335755526557,40.055645511608645,45.28220309650828,16.347538306045863,-18.679600187995305,-1.2918650271034267,35.07176273742607,14.178196237898504,15.790517482698817,17.569017239186593,19.132674117885145,21.138406997235677,28.36793117096539,4.9944317490217145,-23.451664542664844,34.89525866100212,113.23958601578306,34.367428182975914,36.531193023747335,38.7709430102731,41.262477706037686,43.7028441627712,46.132509135557996,48.49785026012141,50.69353816606099,83.72593152179445,50.14731816366702,13.625173226639617,62.83121691652951,65.91107673626716,63.16881581085721,55.12722384627705,-5.692087022475448,56.171319543690515,126.41862440122657,80.53939748365065,11.486321532084958,23.389120611366707,7.112260711721547,-12.198637449323542,-22.749853776611076,-34.01160764882479,-80.03211947115915,-79.22827153263523,-71.53678440491271,-77.98711597736188,-79.65853283713847,-81.55219265305837,-82.1659548684099,-80.52680685987019,-79.76572187717312,-136.1501746937464,-109.07496593785754,-75.88502336355032,-62.224091195531884,-57.66199866132936,-53.53343106242244,-92.51650923100033,-80.94286722940251,-26.31202600446659,8.866057374866045,2.178904923571963,-20.936303427468374,-35.04177366595084,-41.60731358118255,-21.24863236792794,-17.720539814250998,-15.08129104285635,-12.383941246749856,-10.465178728003266,-10.201907828023636,-8.129573094545279,-7.473359831028603,-5.838934657712137,-3.8713864759965944,-40.852683563563005,-1.810201914833474,-2.24662962142353,-6.306866905305792,-6.302347589046882,12.261643846742118,-7.982180309651611,-10.155149889061455,-4.436821722310924,15.028085322152492,0.6939603001530941,-17.79799794466436,-1.289540990510261,-10.723288880592463,-15.071185322562982,-16.084946783968526,-17.421051038059815,-18.547863062842275,-19.374167648986784,-20.593678142955135,-21.620295549403757,32.05342299281779,2.9308459311528168,-24.170493524594434,-25.070485946731452,-28.701135558401106,-27.286631623342473,-32.40246409357901,-73.75141691889712,-32.07679904572794,-36.29757230559645,-39.943663911860824,-43.008596263862046,-10.05630655082291,-6.523799473472991,-56.39041735895546,-82.19539470264681,-108.15535049377391,-88.55228608196171,-65.98889892901957,-46.38363419252289,-54.380183747778574,-63.291554812839195,-72.70697140865559,-67.77821101556546,-155.32397772349702,-106.56624213247233,-23.869180140662593,-53.30347493565023,-59.31422584090342,40.855386115958936,79.90021677019377,33.44279828764138,-20.872196625484207
18.867567827706353,-21.8251515726796,8.779237474767342,52.667705559470505,86.06288005165197,45.82414004586628,-9.477393749475596,-33.684779534559425,41.92356150615483,30.310223206452577,85.66324050696494,35.380076862761,36.940779186309015,38.44265157350764,40.551213335788674,40.34482295576136,-6.09305141595388,40.96258662184573,87.250516466308,64.59180687398975,44.42437235959301,30.316519659572464,12.513841111003785,-5.425274878082519,20.17924418118514,54.431768551824234,69.90400751278762,73.3149445436762,62.81017726203959,46.94832085138614,14.689321041261337,0.8038079715365711,34.529786199509545,21.759777627717995,-31.92736617857463,-62.174179298934185,-75.24102609524259,-66.06537256543447,-47.885577114496755,-14.913241927139893,-28.443503687657085,-85.54452532544246,-62.08077422319989,-97.43239213751167,-84.4363193517564,-73.29094636393924,-45.76208039899075,-1.3461300625797321,-0.148526369835281,-48.708738529122,-59.42709566568669,-38.98149989798375,-36.663990929253686,-33.56662223564683,-30.414833692774437,-27.655541822759574,-26.001697190349404,-18.301124521265592,-48.160904259845665,-35.220307409623274,18.614392950261845,18.603064660457903,-29.12474583903304,-11.979093810337488,-9.966973691312987,-8.189720874333531,-6.2152930504012005,-3.3193736445201267,-1.7110372104841929,0.016119323194843105,49.600559944606175,4.195190767305917,-61.17856521249587,5.535234504462551,37.77054570697305,43.1580207119419,31.627619670523472,15.881076159838372,17.539002996779885,19.44319184346159,19.299158229690676,22.33436397180155,1.7005869399135918,38.32175115705013,54.955903391822176,13.607230111018907,-1.952643806723188,39.266277132537624,43.906840095775436,48.38190875958858,29.20985368963693,55.665709331592666,59.333210346402936,65.16297259725907,68.43457871152953,66.99659021627174,62.68161310075409,59.25953995458386,85.16143722452591,62.21377851001489,33.010638626632726,31.74713652778439,28.049060343864255,34.2005058649958,39.98025759036909,37.90401416690554,5.545685136554766,-5.895807320815038,-2.7196378210538796,-10.44935990793283,-17.805912234580546,-25.436794951178,-33.371838882028214,-41.693963946287795,-50.42712237939679,-55.35092546681133,-75.24941269486547,-74.18353089450414,-47.399023126044995,-39.57344736906384,-70.68187880118148,-72.71129261835524,-69.87275241099029,-68.54985917294302,-65.7801467791757,-62.01762588255852,-79.46109956291025,-43.53510978121892,-29.000855706860875,-20.654478003378586,-4.696837260009204,-29.762346090565188,-58.68593421812989,-28.70440736145696,-25.84202496536639,-22.616523250395886,-20.430552173311696,-12.65490077911673,-11.64372227920073,-10.539382067613765,-9.668151767174045,-9.040177203266502,-6.734820395268312,-7.1370506121226445,-7.65936893531898,-9.300552797712044,-6.8161162117344,6.5131611323297065,0.8884868194837736,-7.893828233003289,-8.411365410096188,-8.840380756692259,-8.940643539919686,-17.378891041063184,20.31335803949014,28.171888390710137,-35.71914700618163,-65.38055568744176,-42.11904150533701,-10.710819665739429,-11.038796419706188,-11.44927495215282,-11.73216000697024,-27.61774720353469,-11.803079130236267,-11.887856760379545,-18.7389516639818,-21.51796319671736,-13.360825234522906,-26.196951302368333,-27.823364300463226,-23.15299825309009,-27.35049136301376,-31.318292760919547,-35.08374749351185,-38.522441238115675,-41.844415189362536,-45.389854016237194,-16.486770634413574,-30.31375864997449,-90.39505612134872,-133.99833863853723,-129.0720031515275,-71.23141830530176,-48.990018655249514,-67.92073254188821,-69.63154344290076,-61.956450284093854,-97.72346931267884,-70.96367849897572,-53.57848655411817,-28.605703554237152,-90.81333607674605,-136.2736541466951,-86.21119503397222,-16.93396392955856,19.58889569069524,39.84170774253539,51.19413880980372
53.849989016140036,48.975599753160054,44.18290786677409,39.51775623590672,47.427312862988416,46.190824091878596,45.21222525953937,44.309599629696486,56.941848636116845,33.74073761953639,28.34197365885028,34.222624608787356,37.54423184387139,40.09259788070298,42.69804894303351,-4.515141844241043,67.0718988068229,112.96099161791523,99.95562922085162,75.19432677234795,66.64200019090964,57.38208955730488,43.95410675079893,10.267968909353385,22.18559987105982,74.11413212366915,77.46818883489277,36.569428739166824,35.779983317929464,62.4662740592662,63.873309481959495,0.7102184962814135,-34.52763323991334,-59.35919023186193,-61.51595812308584,-17.509436222412717,33.068396052847994,-30.10804956078448,-67.12992506345037,-63.67189583752952,-74.59639768909074,-93.75642912266517,-53.543018262615306,-58.87044270564897,-63.507583798013,-89.91887814955646,-61.73359115990479,-13.321223236070438,-37.79465191853387,-102.9526016756945,-56.36838540724702,-53.472121464349755,-48.78109695302297,-43.9723316909423,-39.1866017990275,-34.608680671437156,-29.62073604901525,12.340121106681636,26.65095040656547,2.0532642856987877,-43.661644318327944,-30.20220886842162,20.483801919449434,-2.6571386391933913,0.08873205603147483,-7.224886163105452,2.4951580420907575,15.85661291335964,4.1798732889391275,-2.7864123394483613,-10.005830459755998,-39.080101562639584,-10.956839973437127,69.40347895096966,73.89309855868169,-34.631612099923586,13.678833021157423,15.06390226547564,16.382990216112248,19.689852636559294,21.527134195788037,-40.241672082458535,39.606198138788386,55.39641161995337,15.724007654006982,-5.825813677198084,45.94390263250443,99.81098052139305,37.04408088663632,39.2749782366251,42.03217898359442,44.79513707662299,47.38463444514889,50.93659907489456,53.34629533243836,55.40563309214136,57.87001829144404,59.57325957181587,62.12983407852592,67.64139349894025,67.51705691789533,85.9914885719071,69.85428160292531,45.93603107597311,34.823761962353046,18.754765434799083,25.063695773808377,69.07041217726919,2.3193633401989473,-9.98549357213426,-21.126418883487418,-33.101198680647144,-45.38017543114131,-57.76552992967771,-79.30887750717642,-80.97802236570163,-97.15257449024648,-83.75573601893036,-63.724077675249646,-84.3077115567949,-84.12044270446705,-81.55148138965625,-75.86896732576297,-71.96916130633377,-65.3956360678709,-60.207172373104896,-138.67116035663275,-71.23787408347334,-5.567326552526993,11.179815229519136,-21.26270089336049,-20.874813354495927,4.503991612901018,-24.61481547624544,-18.78442318322155,-20.369649261853738,-14.312488884180738,-9.869942903063787,-8.193366622510297,-7.767675438598687,-7.397927610669377,-7.937000544815881,-8.211805860784946,-8.209305005509899,-8.162825610767015,-7.906626727967852,-7.479314383697199,-6.965501259384958,-6.595924346089456,-6.499413890427115,-6.773267230577502,-6.785782452636931,-7.138289505109988,30.193082735041152,19.625963964848324,21.297782967669946,-3.2628443046228313,-37.68575782930429,-46.81417718621333,-8.78694057653355,57.20290047753963,-7.138303940581935,-9.415014397951722,-11.51305341301412,-13.523508151759444,-15.827434303034096,-17.67373284233969,-19.810295681685332,-23.09843002316704,-25.462027169456597,-12.10746365254272,-24.260189385568044,-35.03157031164673,-25.301496492535648,-39.87096460729475,-42.91302026715428,-46.55499823654762,-49.29390256520867,-28.679488004666837,-78.90540098276097,-79.13908131383073,-73.01374640222093,-80.39870255242431,-82.52020467957277,-73.20062981453844,-109.70720366957448,-72.79932414260705,-72.35979937856746,-70.1254618908396,-64.79221278958047,-61.50107294733834,-47.08287530932182,-64.98786182397134,-91.24337514105025,-69.51910532332704,-26.518031463877378,13.957247919634483,25.4918919537497,18.795602791903633
46.81529458526779,80.63613876761974,45.94043704874197,44.174309403445946,43.98243284322007,45.648873642245604,45.16630960195381,38.27375640258853,44.32211859224764,43.96351640978153,35.755101752727995,41.72043238733606,41.33663218820598,41.57950935300562,42.20400848799666,-20.883748735789368,-6.755749993576956,51.974626605649064,107.9608891506,115.53368073954223,111.390694024064,55.15819778721743,-6.150741191028828,-5.517219125774773,49.04567215147563,82.5694240065418,69.46710507909677,71.57720642301388,59.40628632358403,1.3177865476800434,-49.364180943566225,-46.55005157448613,-33.092232527905594,-22.277711972756947,4.7774178509883996,14.719848178807752,3.151406365731873,-6.866265928866596,-30.441677012641776,-97.62518006131268,-125.48137942370431,-58.604888367875446,-38.50531277119387,-57.298669009855416,-79.8658179704405,-88.27330821334999,-49.13078981392255,-13.017395510019924,-7.454035262135221,-46.981383604976145,-65.56574358229159,-42.585455684187934,-40.01460251171852,-37.4121156013352,-34.800680467384254,-32.28097758448311,-29.841232747436123,-25.942585277284707,-44.29856545685027,-32.108274769761465,-23.517455345208646,-11.981027066365868,28.110032655256873,-11.811534600584395,-9.572469086270033,-6.962066029111625,-5.86523204766047,-3.780699474474332,16.39445904512246,0.19890544214030115,32.24734768867074,-11.293251710665118,-34.4783499231944,-0.31660058142188063,10.286263231102453,-20.626923422839013,14.39988754323872,16.283871043648446,18.377260781014073,20.29195219675458,22.17922719200159,24.059376449662267,-1.5872585569070452,16.91907052576255,23.40258229794199,60.33540324336673,71.88059206989146,5.789214563346832,38.547788740029944,40.99032359492246,43.24736556528998,45.58374447953307,47.99435746314376,50.48340512377439,52.52046947936182,53.953266445648026,54.98473240106844,55.5750048830954,57.77716370793125,58.4824120510865,48.06329239063764,97.99857329846373,129.30904367146195,142.1802995440603,95.0481493492266,38.43762429430262,2.6040618167444336,-41.9085485997698,-14.02773446601418,-15.330595210554861,-27.52114593018871,-39.078829093535035,-51.53637240045873,-62.103128088954634,-5.3045038133038815,-32.93230295441708,-79.2216383797527,-74.4887566675947,-71.27658301428919,-76.66630215996057,-64.94284048873314,-62.040837287741766,-60.226958773137596,-57.17186559451716,-53.882607071815585,-50.633971206708694,-47.285020108765366,-88.41032137353068,-120.64981369931729,-52.866094696028085,-0.050393494489981094,-19.091824649265618,-62.72808923601792,-28.66021173738899,-26.689990736877675,-24.971679459296695,-23.49463534654275,-22.141542602746057,-20.703679467941242,-19.12657071773394,-18.140350916595636,-15.177332171765585,-14.403715040406066,-33.004949439285156,-13.380210935490062,-11.744333269096792,-10.923754121045327,-10.362869990293891,-9.843091072149097,-9.114775205378695,-9.24859922997695,-8.674457010186943,-8.17623581379554,-17.887919700516704,-0.4323964674522358,-8.511357217895752,12.850648732950503,-62.29630868889899,-10.251607536996543,-10.367064761408308,-9.394702757671094,-10.224775740250806,-11.136163738225296,-11.94379120913198,-12.660236147900918,-13.623479883910832,-14.741357172833347,-15.735574397125554,-16.69766076380982,-17.54657606055089,-18.920297158467065,-14.530541711196292,-73.56553742164851,-21.271699586642256,-30.692087791981123,-34.14755144650388,-35.161531909354494,-45.92752796842683,-51.87678530179869,-27.96082958598879,-23.41585193448452,-11.807353941426754,-35.74925904573092,-110.82517515112431,-140.2322805575842,-70.19937717204337,-78.89807158162513,-73.63860870631632,-77.08261759413494,-74.27297950210595,-32.04576920028899,-57.111095693498555,-73.93319209477079,-18.192324758048017,33.56850922980411,-26.070986641301715,-88.23459555325957,-21.470456068118438,63.29475089062089
45.724816814479084,51.8604978253984,47.625912320374624,43.53919124599312,40.05520681671473,35.21960282449362,32.8002794096229,34.295757852885345,-5.708992008581731,8.084148185231186,15.904536573228597,34.15696896837142,38.332477479785496,34.88692003941371,40.19334819767559,27.46701020305045,44.59409014420497,98.67171502385008,43.18853339500765,-5.279352318131032,27.11263833381281,58.78001512018113,71.62122775529406,47.43942380133103,53.32795374273883,79.48013807184248,52.9340485441644,5.654391289771979,35.25990747259584,89.53851731201212,70.81539833640363,-13.605201275611762,-43.67421921846744,-25.73187216200745,-2.3215393871459753,-38.369554624726334,-65.33279060584613,-31.252697889377487,13.032961749736842,-17.800879202595752,-51.3659674708891,-54.752332988048124,-57.23912629347488,-57.81613705101772,-18.52471496276985,-56.69085535926979,-62.43740253622491,-35.02186873112328,-61.690707436996036,-109.77574742647107,-49.372859362296225,-45.768368691327936,-42.491987132222704,-39.1869874312645,-35.84702052427315,-32.56720449141926,-29.882215357369887,-25.19906460302127,-24.403776043221498,-21.706372317122586,19.438658374981856,-15.858773727369822,-47.662943370627715,-12.176857110235431,-7.723946860874449,-5.4790965230785105,-4.353593344676483,-3.580657861639949,-1.5221996404889921,0.5278081661963796,10.274883177996799,11.831441923020066,-7.441596236669994,-1.052869230397846,36.18634093406388,44.25149358432759,31.06873224685671,17.52666736950316,19.392086136900886,21.253685481158342,23.07927853946903,24.360314386897578,-55.7516976522948,-22.53308784414685,46.39905742916926,70.93760876110105,66.57662959076288,32.11206101135019,36.38791583489592,39.04183249779281,41.859090438344694,44.7144175227391,47.63254072998541,45.13606595477282,49.201178208402325,53.14000389367439,57.15415017350165,84.78999935001117,82.7629838981311,63.993907758951536,65.09866763354145,78.84222399255133,84.38758789445433,56.67550954416015,36.91114172840355,16.174264083857906,-1.8481067575237091,19.6513719654522,-0.6272119387362523,-10.846185126736486,-20.86977453744447,-30.993128943929264,-41.03574520908688,-50.27175337085549,-60.31700986147382,-71.10005168462953,-75.12739210350452,-83.36617352142935,-90.9490241701724,-96.89747917150416,-98.24339430702582,-86.78872994813173,-57.934249231951526,-28.187250751199826,-72.06019870481032,-57.779136464397226,-53.88872923081368,-60.63052722010025,-60.18489974499812,-0.44955327937441325,-37.6059777685374,-17.394323292996887,-68.87753071738123,-25.42611172454673,-22.544486601222218,-19.962886182982118,-17.07750044520202,-14.337863439482533,-12.81103273332893,-12.645616044058329,-11.879595706676682,-11.22057945683946,-12.406653410834217,-11.330690159418786,-10.381228389153641,-9.5491757989378,-8.829254786575301,-6.772214542556284,-7.038593497188778,-6.8147038676468,-6.689785514275096,-6.407825496049387,-6.254800054208254,-3.148285716653845,47.250043094983084,44.59936754094724,-5.842893877212191,-53.1511110178908,-10.039824409778703,-6.676352434551745,-3.944668984949498,-14.199920862678397,-15.137746954522875,-18.39929885520656,-19.227829698962395,-5.978089477170869,-23.354778018063072,-18.450099498543864,-26.160545358156213,-28.45665319397534,-30.77297910060895,-33.71490439505823,-35.58979501541677,-38.059117820967984,-40.76647641799947,-43.47802329199578,-50.734806111529906,-50.27646534237786,-55.949755130483936,-34.02454025988618,-33.00133077663773,-14.79012161598439,-39.90034476528581,-95.12334336735194,-58.339759557057036,-59.015759110619584,-62.018181801226476,-61.82846353028556,-35.11168357251154,-65.60340124070183,-73.07935535221077,-112.91327298581302,-89.35880312985319,-57.983012459991336,-42.39179662515835,-11.589763037854027,12.08115031058253,0.21614297321775666,-10.00930644613095
27.35989249661776,51.215830146818746,50.11145969361825,52.768667168411014,48.003509031577536,47.00699876600366,45.74946156561947,44.77203613374762,43.859271654908156,43.01554595909087,42.527415481367484,39.53752803532371,40.176774785307096,40.73247537407115,41.17025451495007,50.248004434052746,108.04717486011259,94.7261718424038,3.713856485809629,-27.369824774656763,26.286886350140776,62.76280220150056,88.43997137976703,65.6280757470247,40.62564146661998,12.05024921261088,15.4640833265737,41.056661289080694,41.38071076877509,22.845482410803697,40.90210163687584,62.72995437051077,43.02615738384566,5.813520435848432,0.3068939478703214,-8.553951850386511,-53.5756312360154,-94.87025520850119,-96.32611600838074,-74.57952626426572,-44.39677302844461,-11.495093539525556,-62.26019912553981,-60.65787104066226,-87.15300987064802,-90.420121598442,-62.10794969149538,-56.58139575082214,-60.67476428472173,-97.9081197731332,-42.315393782867034,-39.856891660086205,-37.63022048994665,-35.19735357599309,-33.06711698892653,-30.634272937521985,-28.245191602521714,-25.893990616408274,-45.12455688285036,-3.1496288000976165,4.75900459301738,-32.121730068319266,-76.27778230890488,-11.621688436119555,-9.286605134166194,-7.658276040492325,-5.916971049764157,-3.8006196857566152,-1.9402909827203985,0.14103233530056514,14.050260744519619,18.98684036068471,7.1874807670578775,9.192575288804463,-27.209768432764122,-30.75679542343687,14.575766083737577,16.35494338157855,27.23105965624245,58.94494773805036,22.068622552494016,23.940838257873565,40.04355368765937,53.6181493652947,33.75392050563232,5.475335972301764,2.9476359603750097,-3.23641829924415,-10.2698484959393,37.13965089281693,38.98555734185183,39.534652535067266,43.279334617042764,48.079576748891725,54.559814424087016,18.555350359242766,62.52787246416324,89.0021367774956,85.54647244518583,51.29793029958546,56.555659452307864,62.111384251763866,99.58951347228856,68.14628032188648,12.123654096305927,15.803250837701398,60.838377698018576,45.87206047137761,-0.5673987383368058,-11.365939146453115,-23.50800357953608,-34.951962104574704,-68.36274276852498,-84.32244308639292,-66.24122155638415,-68.44480166778955,-70.43678113085379,-72.77361565559443,-70.30217627519289,-69.01766094837919,-36.08308583748487,-35.11146854808046,-51.92720586226051,-67.76866386847826,-65.45241050547436,-58.933081937586905,-54.49214540022271,-86.99696081151615,-17.32117679727753,-22.55043549513698,-64.79510263199927,-51.97424031417631,20.06561956679525,-28.669539028931382,-27.744254736367083,-23.134487590560354,-18.956062958840107,-16.350559295942986,-14.70238225646618,-12.537582060756648,-8.163582221084067,-7.75140337739394,-6.895721840951573,-6.227017972403093,-5.993959826375923,-59.460935680831426,-6.864178696501602,-7.616849209790832,-7.693813703045322,-7.956384397086865,-8.871786382802952,-9.587562252297438,-18.72908274484439,4.7416338737248225,52.86377077820089,22.379659594475015,-45.37197713644491,-67.44197042962378,-50.614511141596495,-36.96658307786481,-27.210073230288856,-39.26514273880457,-16.874192591803762,-4.896463333438533,-19.3757303555286,-20.660721316203244,-24.883220041256962,-26.128690074815907,-27.098415784940784,-28.526220658517914,-30.033158956100294,-31.632077024477027,-34.086998909806326,-30.41443369152711,-34.23006848129339,-37.425311875929026,-41.280978387926496,-45.27668981603554,-23.51954763280446,-68.00198272953685,-89.01717559465988,-75.90232640403622,-65.61286184025039,-43.716451288244116,-54.97681890883439,-73.57939820972545,-75.93066603246855,-74.31766113361705,-75.23903059080162,-82.29816091043301,-114.12039107569672,-81.53073376040504,-50.82035579684725,-22.358589487756035,-22.96138694290653,-38.17716622806245,-27.73803709971662,16.19813620425748,66.58354657150767
40.97586399390411,74.36524341339577,47.75482432667209,35.73542852976652,43.04853585667786,48.123041033086594,47.325659161150405,15.845335641206475,45.86387787818672,3.270709887008252,11.300091016392514,42.70406730432104,43.075462824205204,43.2723145627554,51.727325913295886,36.68684881157492,40.40812473363076,67.32870473462458,89.02194412333279,100.05809123307995,87.28096225404056,42.382377005067156,-7.665294394267676,-13.769642847880732,24.33317215501893,77.4497732974969,90.54565725111911,43.12790652712738,-9.398465801371458,-15.439190364292699,28.00328792180062,81.11755676024723,68.73278464438499,2.1980823094190782,-57.31088218077366,-56.22525067181232,-45.4351613608344,-84.30187011977887,-91.9596935602217,-60.43730231116842,-30.597971555559752,-4.6099602175620475,0.6036570798830212,-46.95841175106307,-132.21887013638116,-134.50931945848743,-66.55246613472355,-56.84236667142113,-107.13046468844641,-70.52502275013921,-40.53215690757655,-38.54396892019737,-36.738770549354626,-34.61275906496911,-32.12573366501107,-29.772044021708325,-51.977963575079684,-25.397368968821713,-43.774519957546545,-60.18941403583953,-18.367824982439743,12.977455524950756,-23.287697831863625,-13.126922800328728,-11.228438086402775,-9.244963413952533,-7.355816984246104,-5.340929784986912,-3.2780980555194503,-1.202987189165981,0.8614761493509207,-13.315397349015711,3.9901491711038943,-6.105079085907619,-58.4135198963786,-50.94865690398137,12.327278414192591,14.596519713817628,16.74806046782554,18.62988103387785,20.758065801300788,23.00648363494591,24.97322513144141,-56.37376607731949,-7.0628064087241,65.81220725725063,74.84767526738369,68.61867549985976,69.75019080593347,70.70934696877964,50.54234575733541,54.63107506334535,54.55562287006124,54.34766021866407,62.01788125233597,121.59430220868535,64.71429854909229,52.8036292352889,49.1589584269139,47.61861519124615,45.586384600098,42.473867317735255,4.389340705957238,60.66844557743116,70.79969056831396,38.681077848388554,30.789161243989156,13.163187572453808,-0.17879357782408078,-9.175365411063012,-16.074419783018925,-23.619564894047585,-38.14471161208235,-39.644867949321,-51.730361168125626,-57.14674620847572,-62.955576168601084,-51.651987912493496,-72.10770934883945,-67.87791096031684,-65.84475263068967,-63.945971045821096,-61.7140361078477,-59.16433493289679,-56.51577083681799,-54.50291085881989,-51.34297295488753,-63.02863615102024,-48.19569506916969,-63.797617171465475,-47.96073165787277,-28.64638905820175,2.3217065557103354,-33.671154245823175,-30.960349032943867,-28.29560743744466,-25.610168417749918,-22.99176323338449,-20.461967712415515,-17.714425879406605,-15.53483019668596,-12.05196902399311,-9.164719265617265,-5.441686315751838,-1.2776616337021665,-10.73453388863642,-9.647689908324395,-6.994680622551172,-5.92314876404568,-5.1084007854208195,-5.060801300276314,-5.056568929503786,-8.077333937175354,-5.616812915272021,-2.9028300841430337,-31.63283005272706,-61.84080821329136,-35.82913365369859,-9.823033346686088,-27.35413807904746,-10.80074788481587,-12.419607225624532,93.16133840351085,-16.911842884465173,-18.319731997201828,-20.422174316721723,-22.317651367152564,-23.99911393332613,-27.089405551686454,-28.704697137376385,-30.848053952764502,-32.84372854257137,-34.944114884627055,-37.24573009751023,-40.09447495288029,-43.24554822968787,-44.709787325664124,-47.22555427438226,-32.81721429335471,-39.29846340475456,-55.66562796004223,-93.7637863555965,-82.58017103464317,-11.689586651365062,-65.2679351709446,-67.86257555642388,-70.80450635765814,-66.47209603255864,-67.39270862886787,-67.42985802452117,-37.27206743948841,-74.97263066614687,-108.87072374269837,-58.30574588158379,-31.64796414970806,-34.187134490101016,-8.098199735857634,3.9603912880032794,12.455038024459668
-7.322323901759546,50.763471119674094,49.59354905592578,48.460805100863666,47.369170411116656,46.32298194457459,45.15944271809529,44.18089308125421,43.26912869730606,38.08316167351836,41.940791865167824,39.12098354630514,39.478750187333915,40.2055299745045,40.4024612041806,62.2765573390584,93.21383125710076,86.18197252063601,17.959323400145422,-3.5382902578266737,35.37627147838248,37.00218666737885,43.437433704407425,-2.56014987778417,65.65142806622498,111.75165740201965,59.57189266554451,47.303283674978275,40.20000846267385,-5.007096981554696,-20.119672023901103,33.88133266299974,81.8263994452675,41.0530392588571,-10.39349338704369,-57.25577342980705,-75.82100661877303,-60.41239559118708,-27.896435067623997,-35.48338827767384,-56.82741177600394,-79.15626932361852,-60.86373037629997,-76.28322505047981,-96.92591688060537,-69.39181207262254,-34.61904866415216,-14.299468152113867,-16.265726383520928,-49.78251095102678,-77.34994794919248,-47.77745709288604,-44.223543196273766,-38.192063725571245,-33.985849780490696,-29.739304524512136,-27.14437633277248,-12.430389265558006,7.255722002311359,-19.481527093065097,-4.653971759137676,40.77927003176683,46.39515628491927,-11.279326648963846,-9.692793535951921,-7.857043848513001,-5.986136394397008,-4.062875143811809,-2.0878645159727824,-0.06964685023579875,43.137414651837275,5.628021866359923,-38.418753840191584,-11.309145193869881,-12.407476907819728,13.487291944627032,14.057232053375671,15.85201643644669,17.57340286096833,19.226790178311077,16.83732507896965,20.22520868735633,34.490139001957495,-5.011174374334587,-35.72459506843916,-36.368186453605176,29.308306629167873,68.06443630788999,35.855595685447554,39.28424034274826,15.405892822371243,44.897046874150874,41.93594947345355,62.62538647965056,69.59313444117095,73.19844322881016,78.31840885820965,68.6877703101413,57.45070735689842,24.86421422985711,58.276031980727964,49.84962443190881,71.4564287624562,4.960679681244528,-1.184410428609226,42.268045397166816,42.553673099903335,-17.64978310089782,-1.6134936159504605,-10.209184419303256,-18.304069849875873,-26.776652191297273,-35.84444715776931,-45.30938800533727,-39.5916720423229,-67.94391493707906,-81.7120272930548,-95.91034576312194,-105.6199350491597,-106.42689500421329,-81.50560292216664,-88.4806977063538,-77.17457749614425,-69.49037113908443,-65.29015771180832,-60.76481551090694,-55.85832322192323,-28.260212416879995,-39.40023572100131,-75.48250272504174,-95.18288913129186,-71.58188985418133,-54.01036271847647,-21.695655999945302,-21.270207534207145,-18.253406407987057,13.563252166306484,-13.942256507450125,1.8163088813693093,-5.745360919722771,-2.4779547661612753,-34.31106101855585,-5.217284381021159,-5.525506083269761,-5.507016736163184,-5.710679312531113,-6.220014176377745,-6.955888641654337,-7.553812745491729,-7.943333003922056,-8.236869625676139,-8.497869708138815,-8.888489384934985,-9.40478238507523,-43.930467059233706,-10.64765609140471,-11.34300817292521,-49.14119793680584,-12.53758602859573,-12.924354646684595,-13.478155176715898,-14.112068530053726,-14.78153382922568,-15.17990036732376,-16.319819658970417,-17.139841256180716,-18.069871774067707,-20.290186806486844,-1.0902523167196705,-24.430472958482696,-28.954460038863488,-28.40736283539985,-27.389714871855347,-24.932598357651898,-18.563231090212867,-17.75920503142017,-26.227761031344357,-33.80463788395173,-43.95766852044994,-32.40983176487771,-9.299795701940411,-62.96298195724103,-129.77877649577977,-142.30514283554248,-66.26771959532718,-73.16526621402497,-72.19843314808145,-73.35976751559727,-72.82793681790643,-115.59739037221334,-59.70513559038062,-34.565133213567435,-50.15923336873486,-71.54183911553855,-66.06942317153153,-47.61182976544478,-3.0137453702989205,0.5487597863011615,33.166148536145556
51.58109420946238,51.29210194411199,36.176303018323466,49.55655876692778,37.0102449321455,48.00540058878431,46.88327592519374,-11.333749279715448,45.572605391155726,39.02350228801656,61.34999078694682,42.95075839716725,44.348076470629266,45.501558619604104,47.063353398918906,3.963433459072803,44.50575212179865,60.45834813352485,48.45693377952193,104.17009845309803,112.0132969635074,67.71627022976827,31.070818649702915,26.5903732080252,19.345981091121303,18.291958079798633,60.534495394483656,61.93028884358702,58.20300681795493,59.24811131648721,23.43371086818206,-18.18263348441542,-45.408635859084825,-26.50976786368369,-9.740748452740862,-13.852714141196998,-27.567366951428994,-52.08489849523335,-53.98962227523364,-52.66322082214168,-57.96217380042083,-51.37183657199316,-53.95087443069375,-83.71104093261533,-63.152787023076144,-53.71995549639283,-41.19021166560208,-22.84479791992635,-36.69480867753009,-73.07686262847028,-43.48743615326978,-41.253501304776265,-39.00785407993541,-36.99035296431117,-34.765140639099926,-31.887732557221213,-29.210973337312794,-55.42961841676254,-50.71978990506268,-33.4329227921919,-18.37064362563558,-15.35000784245267,-15.215414555225834,-12.608348430272102,-10.250468922811578,-8.678493384925204,-6.536232215512939,-4.6265728483372754,-2.6286219028660014,-0.6452260304610462,19.077290777949088,5.3137598636477605,-2.2682407102229263,-8.654950946114866,-3.248109710283188,12.758613706864708,13.496253716101009,15.487768233234192,17.466486131163876,19.367350659985462,21.25029652826936,23.086565712956798,69.40452092513351,106.46039378095361,81.18637154413273,34.78961090673647,2.901898236620468,-2.906759225072392,-3.453798097674394,38.21568998648988,57.813441498873544,42.35608800139809,44.26319622918288,45.803332389357905,47.3696920065818,49.955043727322405,52.62315137664679,54.822762133916285,56.62113721138276,57.28401757686606,56.11348943298913,72.89148949406467,59.26355383119551,65.00754938940986,80.07705090516845,89.4939778218999,75.33387288825224,36.301999124897975,3.2059348595603296,-32.96202389523114,-83.41627431342795,-34.70213377764094,-40.140590816725876,-62.350793184752774,-64.20451673303869,-67.34720464133329,-70.33410665150362,-71.95597809588956,-70.47568194648491,-71.05283741457488,-67.55138921307926,-72.16864329533064,-41.34653514328084,-49.43208424222905,-61.92417509395091,-54.750334052011354,-52.04936895165589,-62.18711711822925,-45.94143443593083,-66.6185416966864,19.588544576242384,-37.64449482131997,-54.260461473299074,-32.484798051741194,-29.26674289330188,-27.3780521066235,-8.25450056164209,-20.821952867188443,-18.603043160877192,-16.372331921864784,-14.163792002463623,-11.860388948250744,-9.673305637390442,-8.004171518226784,-5.655773507934299,-3.769403191555199,-2.0992915029294608,-3.5581278830070246,-2.335037013801802,-1.4554854618141402,-2.065939781207783,-2.71262450839364,-3.2695791513742876,-2.7264879045191606,-15.658351737576453,-32.55979248163408,-34.844546723035364,-5.44208195533929,-14.136059451529036,-27.985527961360503,-9.331045111780071,-10.930185446847972,17.60175132717677,-14.55330200436282,-16.103418468367195,-17.697184480084445,-21.958152152119766,-24.125867637098153,-11.939305598293686,-28.9583562834069,-31.026743733311505,-33.137301328511725,-35.418597329797066,-37.80913504736813,-40.857528632253064,-44.219816842776254,-47.6601633664327,-50.85348106572948,-66.43248438188175,-74.0623353259407,-41.29322212274951,-18.569569188158823,-60.57703056625314,-121.53779595257674,-62.85083449978203,-62.84042175616763,-63.625950454730024,-63.965280700364495,-63.31527272306251,-62.01162536143715,-20.31925469909902,-10.558691629625173,-72.52379800295284,-119.94109268724355,-102.72655505793591,-35.49396616282911,-10.945950468442561,-5.3650285179682555,43.010197918916674
47.608965095615005,42.86108467358511,46.78932241431897,46.03287474881731,45.28901793050801,44.59336621381153,43.95107467214072,25.78264435060032,-9.968759547028867,-21.587944771153154,-19.806495516345592,41.97896917618486,40.78357203666984,71.09896621719645,42.631106349348116,121.92983662291863,97.95858957022938,17.14661904474542,-20.801985039718943,8.087051827918458,80.07842238193552,76.77750594373458,63.976676397079245,29.158229717129103,25.201335008832075,23.743393614529396,20.526886583190844,39.23844072001498,62.291242469224244,58.819502895534356,50.05263595812238,59.7293990991089,40.7010782265819,3.928625422961886,-33.91754201831645,-59.11828726641147,-63.94687869253835,-74.1292992738446,-35.06735591647612,-14.72887848259586,-43.796224337304466,-52.217779156727204,-55.8728803661114,-56.73225190765874,-87.9701594230869,-59.415236463565634,-54.499475515431186,-77.73994761952622,-57.43000937410898,-11.095137043367217,-46.00972407048246,-43.237863606145794,-41.51899352610796,-112.54472984009732,-35.39013178893265,-0.57204827752048,-27.990569617881476,-4.063940169966827,-13.007954600354651,-26.824035806500433,-34.608434680519736,-16.988240434501122,0.74164284991366,-12.978131412479257,-10.995809860577054,-8.990077250080702,-6.977511081018051,-4.883095283523147,-3.0140776607867537,-0.9620947717848054,-46.56354807520415,-40.23080519608925,-39.12975397936225,-48.939248288779595,-39.70110431085709,-16.926220543692125,12.922224147346185,14.769345347515966,16.577015860174797,18.36764463777247,20.115866978796035,21.87610933627876,55.06625924023375,47.79337521392942,32.418434863672246,-7.176295565911005,-15.001496060720683,27.851257433947467,45.528461695750366,56.60551519829323,39.85844650655899,41.0452218386595,42.289055512740916,43.68767921050408,45.106369288032774,46.351721516201714,47.50758853346036,48.17925099838275,48.75057091762643,48.88674170931468,50.317822264697114,83.55141242105998,72.7609724992385,9.126117048978358,6.063909608666563,43.27146006626981,95.62125808303085,82.94891110145954,44.08275353360273,1.5382653274602944,-42.31472375998101,-35.267084016397575,-54.227498807067605,-55.60271352069694,-60.508898702291845,-75.13015092571572,-80.53196431166674,-79.65215494235093,-78.09930859162212,-76.23704845960873,-76.37516113028094,-72.80978887493147,-70.65109051519465,-64.38037113843029,-64.46347959770934,-58.84775138079675,-71.3163540911159,-55.02730359031557,-45.185003184053585,-73.06666830918834,-28.973991788467174,-1.9447877379645888,-40.74293662383843,-31.452381834617796,-29.803434085058058,-27.866977071569096,-25.18587253736787,-22.497621039768006,28.60206014491996,-15.425190280667316,-14.540242642211375,-13.585699907761779,-13.4341546011593,-12.22870298079804,23.882301429445306,-9.470063722084339,-8.815425712204966,-8.268618779057135,-7.747209774493989,-7.328678231752761,-6.988389538517033,36.30811812699312,-5.6904947032919395,-45.88615911566649,-30.084336823608282,26.408029109230483,18.127619231062454,-16.447472142574497,3.068626739485353,22.427791385118326,-11.165014648748574,-7.064832808398947,-10.157677699325333,-12.197024077796755,-14.353772132769933,-16.525972033576096,-18.601216838456153,-21.014252452016763,-23.544966682923288,-25.753164902402716,-112.27389714854574,-91.45686666358051,-51.67939625401732,-37.81222710700831,-17.845756952278542,-7.1966626524649655,35.42255827662393,-46.2968280749389,-3.812015192567742,-95.55150645718186,-150.61439551156903,-133.90568644985547,-75.45095394788405,-30.342697537470713,-60.338083661421024,-65.22023062483713,-85.7174848112204,-59.96541804319523,-53.93881408207835,-65.54464778014994,-76.39133691512188,-50.585358155228505,-30.007449365809343,-80.22228182478466,-113.8422318690466,-70.97790352591664,7.962788171707871,67.738815764051,26.672635877746416
9.744454932965027,-27.415130720703473,46.35753839508027,24.460005023620624,34.3874132147825,45.61303403838606,44.48603401215824,35.34931619297318,34.44253690879464,34.606079534982186,40.72668923875993,36.00344376548291,36.87853780050931,28.79970943699061,43.174213256390544,59.00523137318021,60.10666195681233,-1.531764859023042,-34.00109409170659,9.13920681921627,101.79472103018088,154.7338620631208,119.22959730659204,71.05827824075186,13.951786145802089,-21.259600694668052,11.159859433601923,52.35534857480366,50.70247255973027,30.104373824801655,50.92180159837562,45.862105094991875,18.867770852255717,-4.766402718702125,-61.497261047680695,-110.11072669560622,-109.52982778445676,-50.4955736425261,-5.6197012127913695,-4.1505152534512035,0.44313396586994713,-46.71331283523219,-49.01594936853621,-50.66033092414176,-108.4995549117125,-84.26016011965817,-62.926957529384936,-84.768282406239,-82.66745931846549,-67.90588715150034,-53.34390464205927,-40.82439644245596,-45.68234660060051,-51.13019363091189,-34.6702449912504,-29.785392801659782,-23.97981278770959,-25.474984622030206,54.25066241246577,79.62112123875318,19.493193074558803,-47.154185693047566,-64.46115555865777,-4.397691879224844,-3.2830562122229168,-2.2483240910603115,-1.208456899560872,0.19961740786274618,1.0660197745746984,-17.296801439073207,-23.13323439815221,-16.867085558400532,21.439769952758525,65.95428462607879,65.93345296224379,-10.282455089318319,-68.73359734537485,15.671218336534807,17.390095988476432,19.112525496504333,19.379433174856786,21.090380882044485,-9.104837111192353,-14.86065168116329,9.417823219800539,43.61779543939383,58.252044240713985,68.20674253456127,42.20472075942757,46.23840142109509,49.56057467687373,50.85352895632737,54.07747458208314,57.250921266218235,59.629623265948446,59.22423410256707,60.19077248381632,59.467014395169116,55.44521078485099,53.154455771706964,51.50916592294203,49.75336188586505,43.48981160306994,79.36774359564603,72.19466747368233,58.82990142496874,31.15129809742666,-8.199858303615201,-8.88130210898089,-8.816183813557473,-17.191303504772577,-25.391044461373042,-36.32217002236615,-47.276790978320605,-58.06272891841337,-65.30938136660137,-66.8030798655719,-69.09970471200458,-75.57781760088737,-76.60834523718813,-76.51958555688802,-84.27870216902193,-73.15888148054071,-70.10317979372236,-65.95577190719209,-61.666703814119415,-66.62585072321428,-50.45231309262158,-48.53594210751527,-64.14304339014052,-52.86245141236304,-15.81409234370517,13.45120360541182,-30.679149979990086,-26.863889786374784,-22.49555101064456,-19.5490312275914,-18.246958428907078,-13.456191976871054,-11.882921445822276,-10.8374173478865,-9.313950073057072,-8.110610601501755,-6.819421825513857,26.1566599915227,-4.841186820373878,-13.707522864694738,-10.445297536749642,-7.552838037612361,-8.56629010699723,-10.337615907610466,-10.361906568805852,-15.396427540721561,16.75493560322252,42.77495559777685,-20.981775777589064,-65.45812170650368,-43.38756071855278,-11.12920979665364,-12.383661060727116,-46.070808873790156,-14.236890870821266,-14.345356640512428,-14.776204487596985,43.71321355954569,-15.543634117272635,-16.47433796794816,-22.586840153996896,-24.511006863714783,-26.10724013543981,-27.454527274054293,-23.061496967989683,-25.63607047323717,-28.887712172272927,-32.25888128708107,-35.52025843198285,-38.4936799596251,-41.60120564310222,-51.171868263438654,-4.726904126062436,35.436429547093724,-26.06046039914054,-94.58477614340886,-88.64584807124606,-104.9849514409101,-64.0818104665295,-66.23682115561061,-68.03517142134075,-65.21004185494334,-65.44659881108404,-69.18000106172849,-62.510063793102745,-84.68724021367302,-75.21847056928891,-19.850357278772663,-1.1101580926456336,-37.86180018528012,-64.32538736151855,-8.297271587282012
