1.0318045456109524,1.0274024914578825,1.0231076363251943,1.0189169820546868,1.0148275341417916,1.0108363017100286,1.0069402973895318,1.003136537128377,0.9994220399039253,0.9957938273730937,0.9922489234593361,0.9887843538704837,0.9853971455067743,0.9820843257412853,0.9788429215674175,0.9756699585788089,0.9725624597714848,0.9695174441245015,0.9665319249179758,0.9636029077760713,0.9607273884220795,0.9579023501172899,0.9551247609069445,0.9523915710139215,0.9496997108389165,0.9470460901412437,0.9444275985298565,0.9418411071184625,0.9392834709648454,0.9367515317739582,0.9342421205225269,0.9317520598851586,0.9292781664673179,0.9268172528674428,0.9243661296099492,0.9219216070476305,0.9194804973527941,0.9170396167496047,0.9145957881469124,0.9121458443663524,0.9096866322275085,0.9072150179127927,0.9047278944022811,0.9022221923594258,0.8996948966835991,0.8971430730814792,0.8945639116025247,0.8919547991692741,0.8893134426336353,0.8866380591059078,0.8839275816206291,0.8811816812245183,0.8784005787465728,0.8755848469154336,0.8727352852438095,0.8698528457888778,0.8669385894342961,0.8639936603340347,0.8610192707401004,0.8580166919774779,0.854987249236469,0.8519323192404697,0.8488533301872933,0.8457517630310616,0.8426291536999903,0.8394870959707517,0.8363272448195697,0.833151319229141,0.8299611030215639,0.8267584424977494,0.8235452395015199,0.8203234409410287,0.8170950272120756,0.8138620021379643,0.8106263853944731,0.8073902070305465,0.804155503425368,0.8009243140953154,0.7976986789157269,0.7944806354189533,0.7912722158504019,0.7880754436616558,0.7848923290267816,0.7817248628470138,0.7785750084074292,0.7754446891940145,0.7723357700748406,0.7692500274331959,0.7661891036240789,0.7631544457865037,0.7601472469388938,0.7571684274602688,0.7542186647407726,0.7512984406550663,0.7484080806528066,0.7455477812832083,0.7427176274519232,0.73991760166489,0.737147585881645,0.734407355822157,0.7316965667738728,0.7290147276073857,0.7263611569061028,0.7237349141087468,0.7211347026354743,0.7185587888108901,0.7160050110150453,0.7134708767775361,0.7109536644549922,0.7084504928729344,0.7059583654425702,0.7034741975412038,0.7009948327607038,0.6985170520623544,0.6960375779234723,0.6935530757023111,0.6910601532273116,0.6885553591440133,0.6860351810094077,0.6834960437474236,0.6809343093699092,0.6783462789338851,0.6757281978544014,0.6730762640013194,0.6703866372817202,0.6676554487481428,0.664878808311403,0.6620528108584438,0.659173540956063,0.6562370764935028,0.6532394916264986,0.6501768592790614,0.6470452534083604,0.643840751174484,0.6405594351175061,0.6371973954153076,0.6337507323711365,0.6302155592912857,0.6265880059459848,0.6228642228263805,0.6190403864932705,0.6151127062717889,0.6110774324739628,0.6069308667786503,0.6026693755728939,0.598289407585427,0.5937875188384405,0.5891604132681847,0.5844050204920799,0.5795186832458532,0.5744999110618338,0.5693760347923796,0.56417584918348,0.5589285818581058,0.5536636644886653,0.5484106397697075,0.5431991140669874,0.5380587309809424,0.5330191561167482,0.5281100680331623,0.5233611525664087,0.518802098888534,0.5144625962357865,0.5103723305718053,0.506560980419789,0.5030582107175332,0.4998936627200499,0.4970969367062403,0.49469756239993923,0.49272494655156884,0.49120826405005114,0.4901761034455725,0.4895850175656446,0.4893767271855646,0.4894922735655353,0.48987243700465216,0.4904578656674792,0.4911891337688551,0.49200677197551534,0.49285128406996814,0.4936631565509476,0.49438286450465074,0.49495087545293437,0.49530765209167504,0.4953936543684849,0.49514934115479714,0.4945151716774461,0.4934316068792468,0.4918391108012463,0.4896781519990594,0.4868892048748804,0.48341275071451606,0.4791892782664592,0.4741592838202082,0.4682632708832173,0.4614417496432055,0.4536352363351559,0.4447842526364624,0.4348293250868832
1.0013851826366797,1.0094537846393834,1.0153731481606694,1.018614847377895,1.0187403863875488,1.0161573365110685,1.0112930150582915,1.0045786970871935,0.9964473833949025,0.9873328712072516,0.977669312070093,0.9678909272809748,0.9584317665680967,0.9497254335186701,0.9422045869781532,0.9362993662246646,0.932430838320258,0.9303080567275527,0.9296265195786471,0.9300766309105427,0.9313442462814839,0.9331127387385603,0.9350645029938964,0.9368816648906778,0.9382464949851057,0.9388421002447751,0.9383569552487954,0.9370144756457447,0.9350483558884688,0.9326938700084623,0.9301867313243921,0.9277626677251014,0.9256570713182507,0.9241042413635047,0.9233326164650525,0.9231733116714146,0.9234544393008408,0.9240035283436938,0.9246480116187499,0.9252155235907056,0.9255339440587004,0.9254312410519683,0.9247351642200475,0.9232726869859014,0.920867887943221,0.917340630284,0.9125093866165814,0.9061922890364836,0.8982075989140029,0.8883744680365467,0.8765171818422433,0.8634124192655416,0.8498403134276631,0.8365819925859395,0.8244189258936485,0.8141325897563078,0.8065041212856622,0.8023136112218525,0.8023361575859077,0.8058748276147586,0.8122289106605128,0.820696885022169,0.8305770625467073,0.8411679768433484,0.8517689372689146,0.8616812105402535,0.8702115382798277,0.8766852446416904,0.8809434408679111,0.882929795135689,0.8826657829113509,0.8802630884578372,0.8759845754269866,0.8701067334362688,0.8629137623868293,0.8546935998581943,0.8457363535689149,0.8363335033166033,0.8267775216579751,0.8173615935440555,0.808379259632103,0.8001240975116582,0.792889371283782,0.7869673097811953,0.782645599497998,0.7795958182975558,0.7774831823536279,0.7759720314396475,0.7747266022233733,0.7734115558759161,0.7716933117567997,0.7692422195363849,0.7657377976562477,0.7610484839812701,0.7553701288494792,0.7489061051922268,0.7418613859468004,0.7344415312766589,0.7268522275705169,0.7192989735638069,0.7119865963711025,0.7051179618698052,0.6988742977071093,0.6931224222267102,0.6877270473279304,0.682552334563739,0.6774623759109717,0.6723215831645274,0.6669954122354959,0.6613541118728716,0.6554663818062849,0.6494048528730687,0.6432429182307715,0.637054070779719,0.6309114459034008,0.6248867466124745,0.6190441684941663,0.6134429482498244,0.6081407427752027,0.6031945376041349,0.5986611486543945,0.5945976228476492,0.5910619728224731,0.5881151311912207,0.5858216158534192,0.5842477466223401,0.5834605637753763,0.5835273327952095,0.5845152110844976,0.5864909538910316,0.5895204043734236,0.5936669484610494,0.5989815615791823,0.6046498943567737,0.6098537263364759,0.6137742035279222,0.6155924699649414,0.6144902227735192,0.6096512625649887,0.6002910969197577,0.5874576144350547,0.572208536569905,0.5556074705960193,0.5387294263901091,0.5226553878265723,0.5084673455796614,0.4972474219551508,0.49007733932559927,0.48803676512293453,0.4903576213154654,0.49625588278619137,0.5049459180686959,0.5156415586335099,0.5275564688677277,0.5399043659536684,0.5518992194069358,0.5627554155289841,0.5716880053209867,0.5779132024374808,0.5806494129443953,0.579122786886866,0.5739109379332397,0.5655964938834497,0.5547632424626239,0.5419952749483542,0.5278766266828272,0.5129909911237407,0.49792147240435264,0.4832506174394103,0.4695604881047516,0.45743265269649713,0.4474481184404204,0.4401870495546352,0.43622751761468326,0.4361214072390737,0.4388701362259134,0.44347217478555834,0.44892531184065365,0.4542272249426582,0.45837583551836064,0.46036987156327813,0.4592100837866458,0.45390289510865345,0.44546912069261213,0.4350311747571182,0.4237138688025591,0.41264260152629106,0.40294286335061624,0.3957398961679486,0.3921579800641147,0.3933152044146022,0.39801630528110293,0.4050630862624777,0.41325677031240055,0.42139857407101644,0.42829023988307824,0.4327357152849882,0.4335804497796366,0.431315979244629
0.9200077450570505,0.9365372533170728,0.9577050255635176,0.980223897981848,1.000807503031015,1.0161719151960873,1.0230554204037876,1.0228695974268764,1.017028906121665,1.006948692453968,0.994044642648388,0.979732538591202,0.9654280342474696,0.9525463751271742,0.9425016990750061,0.93670428370997,0.9342926931552578,0.9344001492034993,0.9361590473428506,0.938701687993797,0.9411607820106748,0.9426706899002436,0.9423849029927963,0.9406124215893481,0.9376654473795172,0.933857254298263,0.9295017909363339,0.9249136451391617,0.9204081188757884,0.9163013363691059,0.9129101717591329,0.910551802414331,0.9095432469424,0.9102002034751764,0.9122220066534589,0.9153014562892716,0.9191307176351042,0.9234019501975199,0.9278077506082414,0.93204163127868,0.9357984013187483,0.9387748420921699,0.9406717866154122,0.9412064330445218,0.9402038001350667,0.9377391798508514,0.9339141493109454,0.9290808670848654,0.9236407802478841,0.9180060806841226,0.9125913674940744,0.9078121906710441,0.9040845775912588,0.9018248096931725,0.9014492212443619,0.9033738884953763,0.9080137658183758,0.9157724660211698,0.9251682997830701,0.9347155796024009,0.9429277489638119,0.9483180740060224,0.9494000404204328,0.9446879608127658,0.9326995698281382,0.9156232210963389,0.8956622770015447,0.875021144834428,0.8559043990514392,0.8405163758214675,0.8310605111253773,0.8297368415134773,0.8346420153939188,0.8438690303014393,0.8555100889770567,0.86765715965908,0.8784022613258384,0.88583775571385,0.8880567950893561,0.883154612915193,0.8692372653148049,0.8487019298845583,0.8239496460086255,0.7973824436723164,0.7714025724140227,0.7484120669980245,0.7308118788987132,0.7209989633508957,0.7176249744025348,0.7193383374752998,0.7247869398757706,0.7326187067827887,0.7414822461776687,0.7500303475721977,0.7576669602024197,0.7638551644489283,0.7680632632439839,0.7697614444377145,0.7684215388236868,0.7635173052633374,0.7545255817876299,0.74093240802331,0.7242894168410248,0.706182574422437,0.6881998610581712,0.6719297277803249,0.6589606619233938,0.6508807717043904,0.6492765356406891,0.6555305230531856,0.666974926914789,0.6809408143342267,0.6947591239138102,0.7057611828435738,0.7112800483387188,0.7086723598980056,0.6997784760944377,0.6864431497262005,0.6705121308921784,0.6538314040312362,0.6382467833432862,0.6256032796988018,0.6177422184489203,0.613971359934824,0.6135832130131924,0.6158681996107978,0.6201159988343872,0.6256160246293265,0.6316577452957852,0.6375311036320377,0.642527510423225,0.6459446552312502,0.6480569043929907,0.6491412066817874,0.6494749918500388,0.6493356316830237,0.6489998455712797,0.6487412583572785,0.6487932490084687,0.6493668388171219,0.6496838253580892,0.648939714721242,0.6463279502247704,0.641041531089807,0.6322734706540452,0.6192172842439555,0.6010686433086834,0.5795477522418362,0.5563828310685904,0.5333034274152312,0.5120394144781697,0.494320544445683,0.48187583299060033,0.4764311453537392,0.47686009825901843,0.4819193349247502,0.4903625146076379,0.5009426056305908,0.5124125095920007,0.523525565815892,0.5330370018250626,0.5398084665577112,0.5441054706541226,0.546196518334314,0.5463510728292089,0.5448389942061488,0.5419302375326707,0.5378945866418121,0.5330012817171089,0.5275181546740968,0.5217073775719527,0.5156196093448652,0.5092984914397785,0.5027865047012497,0.49612589443671606,0.48935913628210126,0.4825297142608395,0.4756853461895939,0.4689293454897941,0.4624377857005224,0.4563917281121019,0.4509734798879327,0.44636571511056344,0.4427511066380939,0.4403119885450464,0.43922948033772546,0.4396793348270115,0.44139838799601855,0.4441046124168987,0.447505753887407,0.4513019543166368,0.45518640637121066,0.4588479291268915,0.46197319317241325,0.46424787168723247,0.465357231887777,0.46498642999787015,0.46282078890266876,0.4585461329900882
0.931974027327279,0.9309302579288687,0.9313775054647594,0.933046414177129,0.9356676488877058,0.9389719067490078,0.9426899406891984,0.9465526156116775,0.9502911623806503,0.9537060265801236,0.9567991125959068,0.9595726192730853,0.9620288436805903,0.9641701327284797,0.9659988622968392,0.9675174263019765,0.9687282299257459,0.9696336851044374,0.9702362072874178,0.9705382128437634,0.970542116773693,0.9702503304723844,0.9696652594097221,0.9687893006913111,0.9676248403587434,0.9661742505637696,0.9644398873037351,0.9624240899070259,0.9601291827738183,0.9575574786474453,0.9547112821291319,0.9515928928101393,0.9482046080840272,0.9445487257979184,0.9406275471730015,0.9364433806733214,0.9319985479355986,0.9272953942300449,0.9223363104230091,0.917123792896733,0.9116607929047064,0.9060116990875908,0.9002412815169865,0.894414393437827,0.8885959197512155,0.8828507601198732,0.8772438212045921,0.8718400120451977,0.8667042404144424,0.861901408922851,0.857496409552263,0.8535541139476076,0.8501393507777992,0.8473168219957248,0.8451497026137972,0.8435758826196499,0.8425330717674567,0.8419589247703226,0.8417910713900376,0.8419671281557172,0.8424247043171252,0.8431014055817811,0.8439348370383906,0.8448626058241775,0.8458223239959198,0.8467516120629855,0.8475881038928398,0.8482694549872702,0.8487333585064132,0.8489175833982032,0.8487601270517913,0.8482553562020653,0.8474079687698441,0.846222860849736,0.8447049886707965,0.8428593361429877,0.8406909018890025,0.8382046926040196,0.8354057189464443,0.8322989924690262,0.8288895229548928,0.8251823158927832,0.8211823699987654,0.8168946749448682,0.8123242098844788,0.8074759436452756,0.8023548364249242,0.7969658422148956,0.7913139113440801,0.785403993033569,0.7792410380917019,0.7728300020537121,0.766175849519176,0.7592835615751898,0.7521581510166746,0.7448047025166596,0.7372285510583044,0.7295073243758894,0.7217208245992911,0.7139490059663711,0.7062718720481141,0.6987694496237552,0.6915217780537061,0.684608903790138,0.6781108768485727,0.6721077481491623,0.6666795670562098,0.6619063788219666,0.6578682216193372,0.6546451225972325,0.6523170918929352,0.6509641119287723,0.6506661149942929,0.6515029191599166,0.653553873848719,0.6566503277677935,0.6606232259034429,0.6653034172422696,0.670521710177342,0.6761088920388023,0.6818957383072234,0.6877130177288173,0.6933914956479943,0.6987619365527116,0.7036551064191768,0.707901775199843,0.7113327199325108,0.7137787290478365,0.7150706094179253,0.7150392004805163,0.7135154094012647,0.7103303499762343,0.7056019344631566,0.6994932573549923,0.692167649838141,0.6837885134842587,0.6745192820140106,0.6645234061766069,0.6539643461378548,0.6430055668416319,0.631810534650132,0.620542714418318,0.6093655663548339,0.5984425420434321,0.5879370786670212,0.5780125891325577,0.5688324431604461,0.5605599250242723,0.5533580691140321,0.5472222219436699,0.5420748825038199,0.5378382030509243,0.5344342093177197,0.531784857438396,0.5298120568838158,0.5284376830798058,0.5275835852366022,0.5271715916002055,0.5271235138089637,0.5273611508653043,0.5278062926615994,0.5283807230134446,0.5290062223559602,0.5296045702656108,0.530097547986637,0.5304069413162747,0.5304545443994131,0.5301621655578265,0.5294516372351169,0.5282448352185601,0.526463721509426,0.5240304729446641,0.5208682099285221,0.5170474972377918,0.5126395127411333,0.5077155917034244,0.5023471389420635,0.4966055989723537,0.49056244183036574,0.4842891545800739,0.4778572359049486,0.4713381924634151,0.4648035362808677,0.4583247827740492,0.4519734490337005,0.44582105216608825,0.4399391075759841,0.43439912697220795,0.4292726156978936,0.4246310687248755,0.4205459636991211,0.4170887468386665,0.4143307976385512,0.4123432894237381,0.41100121313652654,0.4101459301440811,0.4096185549491623,0.4092601272521046,0.40891165342489555
0.975341053023807,0.9678934511333938,0.9603765584144937,0.9532880569485309,0.9471261361677933,0.9423891140317334,0.9395752189104362,0.9391822273392805,0.9417061897609874,0.9471091311901644,0.954493103391445,0.962958903376196,0.9716070379458936,0.9795379810535624,0.985852339131559,0.9896511319620567,0.9900363408565667,0.9861127572729846,0.978693852350785,0.9685969731027325,0.9566401145083168,0.9436414270210347,0.9304189910112977,0.9177906126681575,0.9065734859776022,0.8975833215348005,0.8916314574608027,0.889516544604686,0.8907142198017237,0.8946973445372753,0.9009379478526868,0.9089075905153398,0.9180776107965177,0.9279193400479802,0.9379043874191587,0.9475057479873584,0.9563765259587811,0.9641759070435276,0.9705641187338525,0.9752017623070599,0.9777496313603888,0.9778686612557601,0.9752199569046918,0.969464946423253,0.9602660036011144,0.9473315943131502,0.9322852517724876,0.9167512933194468,0.9023541756313928,0.8907182625425055,0.8834674521565955,0.8822220341695345,0.8853543960344024,0.8912358033585397,0.8982371831422,0.9047293921665455,0.909083417285456,0.9096708543140174,0.9048810095336403,0.8961116585919331,0.8847615425265397,0.8722296434713255,0.8599149156815485,0.8492159995594826,0.841530299249555,0.8364402550101301,0.8335226446569024,0.8323535666441808,0.8325089748956247,0.8335648995509903,0.8350977680706786,0.8366854138476642,0.8379106318505954,0.838748426416588,0.8391762139755459,0.8391719184467066,0.8387135943137557,0.8377792384426966,0.8363466171224702,0.8343929669988929,0.8318941003615558,0.8288232019969528,0.8251517179698178,0.8208504429492979,0.8158899499086163,0.8102408301449797,0.8038740227292588,0.7967623051778469,0.7889175848739933,0.7803894250325445,0.7712309638422323,0.7614963560895363,0.7512402004434989,0.740517272399601,0.7293823944134024,0.7178903902585895,0.7060960915671538,0.6940544104681142,0.6818204587395149,0.669449869548804,0.6570009612604062,0.645569395465353,0.6362521606084075,0.6301464697221846,0.6283494581821913,0.6319576304939527,0.6420609145073688,0.6563656193610997,0.6725772158218277,0.688401022918332,0.7015424883019012,0.7097077414579136,0.7106073857338803,0.7055075132293416,0.6956756903759199,0.6823798487917574,0.6668880007318778,0.6504680484598583,0.63438753587125,0.619913041940978,0.6083060610448943,0.5993586591993597,0.5928577610300355,0.5885894684619833,0.5863396433613226,0.58589416765756,0.5870393033990585,0.589563461518666,0.5932569732979667,0.5979105302652115,0.6033148233877108,0.6092601308365649,0.6155277708342257,0.6214331277785982,0.6262908235018682,0.6294153174082735,0.6301211500409796,0.6277233642606377,0.6215406012150825,0.6125902103597051,0.6018907942165956,0.5904613051813535,0.5793208122647686,0.5694883672175338,0.5619828450969508,0.5578226152213821,0.5580239794685173,0.5613506053332401,0.5665641337308048,0.5724258273878886,0.5776968612405046,0.5811385174812439,0.5815125092439504,0.577582072682111,0.5694774488933327,0.5583753746657397,0.5454542816748678,0.5318930547143282,0.5188707280756157,0.5075662913847713,0.4991584346321416,0.4948244487231554,0.4936008503858543,0.4945225397193948,0.4966240358954275,0.4989398086233858,0.5005045435218328,0.5003541518119954,0.4986414073360085,0.49563236653193776,0.49159428574753006,0.4867947769570985,0.48150154471201656,0.4759822063709847,0.47050409131665377,0.4653337025700315,0.4607327466189663,0.4566594294212227,0.4530698579824538,0.44991964151470454,0.4471641854933331,0.44475882273569134,0.44265892223117886,0.440820036440686,0.43919813227830995,0.4377497645737868,0.4364320231962554,0.4352025964352898,0.43402025556306795,0.4328463421600352,0.43164640523697195,0.43038852957778495,0.4290416269725775,0.42757493855795625,0.4259578185944518,0.4241595700446667,0.42214920273000994,0.4198945030340779,0.4164332275819389
1.0011501567510592,0.9989607192603901,0.9967623436106181,0.9945550454552976,0.9923388404478974,0.9901137442419543,0.9878797724909585,0.9856369408484327,0.9833852649678814,0.9811247605027771,0.9788554431066767,0.976577328433069,0.9742904321354582,0.9719947698673559,0.9696903572822917,0.9673772100337394,0.9650553437751797,0.9627247741602212,0.9603855168423359,0.9580375874750192,0.9556810017117885,0.9533157752061014,0.9509419236115506,0.9485594625816544,0.9461684077696271,0.9437687748296735,0.9413605794143228,0.9389438371779162,0.9365185637739128,0.9340847748548123,0.9316424860752006,0.9291917130887986,0.926732471547925,0.9242647771064444,0.9217886454182909,0.9193040921384691,0.9168111329160304,0.9143097834086348,0.9118000592675555,0.9092819761480421,0.9067555497013662,0.9042207955835064,0.9016777294472567,0.8991263669415727,0.8965667237279442,0.8939988154532056,0.8914226577725589,0.8888382663415473,0.8862456568108146,0.883644844836711,0.8810358460723529,0.8784186761662792,0.8757933507741896,0.8731598855578994,0.8705182961567697,0.8678685982316475,0.8652108074387862,0.8625449394244402,0.8598710098446214,0.8571890343516435,0.8544990285999994,0.8518010082537455,0.8490949889484918,0.8463809863400394,0.8436590160889513,0.8409290938467434,0.8381912352659525,0.8354454559986717,0.8326917717001632,0.8299301980195173,0.8271607506084018,0.8243834451271861,0.821598297233761,0.8188053225569244,0.8160045367717805,0.8131959555226956,0.8103795944715798,0.8075554692575119,0.8047235955453026,0.8018839889690936,0.7990366652055597,0.7961816399108624,0.7933189286955565,0.7904485472661397,0.7875705112293672,0.7846848362602622,0.7817915380283088,0.7788906321476852,0.775982134303967,0.7730660601243251,0.7701424252797348,0.7672112453921118,0.7642725361746804,0.7613263132240533,0.7583725922120856,0.755411388788877,0.7524427185979803,0.7494665973131744,0.7464830405695371,0.7434920640368885,0.7404936833286773,0.7374879141415924,0.7344747720974792,0.7314542728671203,0.7284264320913748,0.7253912654162401,0.7223487885170143,0.7192990170210681,0.7162419665929567,0.7131776528814048,0.7101060915301418,0.7070272982071977,0.7039412885430552,0.7008480782108042,0.6977476828472848,0.6946401181184181,0.6915253996625347,0.6884035431328925,0.6852745641743753,0.6821384784501489,0.6789953016110766,0.6758450493068443,0.6726877371755736,0.6695233808936452,0.6663519960831367,0.6631735984211925,0.6599882035355819,0.6567958270990027,0.6535964847455891,0.6503901921330894,0.6471769649184425,0.6439568187408572,0.6407297692596042,0.637495832123989,0.6342550229756433,0.6310073574816694,0.6277528512794662,0.6244915200287096,0.621223379371104,0.6179484449637773,0.6146667324535103,0.6113782574936711,0.6080830357390961,0.6047810828274489,0.6014724144284039,0.5981570461703509,0.5948349937185136,0.5915062727211042,0.5881708988267206,0.5848288876878281,0.5814802549498804,0.5781250162695231,0.5747631872945803,0.5713947836732801,0.5680198210607437,0.5646383151033376,0.5612502814551196,0.5578557357632957,0.5544546936792456,0.5510471708530169,0.5476331829372673,0.5442127455798645,0.5407858744311311,0.5373525851433778,0.5339128933645364,0.5304668147477689,0.5270143649410783,0.5235555595961174,0.5200904143618987,0.5166189448907276,0.513141166831287,0.5096570958344396,0.5061667475503151,0.5026701376298344,0.4991672817228797,0.49565819547976603,0.4921428945512949,0.4886213945870299,0.4850937112381357,0.48155986015395524,0.47801985698584804,0.4744737173833599,0.47092145699723054,0.4673630914775416,0.4637986364748566,0.46022810763935607,0.4566515206213235,0.4530688910711888,0.4494802346391593,0.4458855669756566,0.44228490373093576,0.43867826055535875,0.4350656530992266,0.4314470970128732,0.42782260794659793,0.4241922015507522,0.4205558934756397,0.4169136993715904,0.4132656348889233
1.0061305830488028,1.004538156746666,1.0029167230507638,1.0012664611439643,0.9995875502093899,0.9978801694297509,0.9961444979881764,0.9943807150672366,0.9925889998494056,0.990769531518525,0.9889224892559485,0.9870480522458311,0.9851463996705937,0.9832177107130545,0.9812621645566372,0.9792799403836856,0.977271217377002,0.975236174719792,0.9731749915945802,0.9710878471842415,0.968974920672391,0.9668363912416639,0.9646724380736901,0.9624832403516532,0.9602689772609885,0.958029827979552,0.9557659716940043,0.9534775875842469,0.9511648548296001,0.948827952619477,0.9464670601270042,0.9440823565409593,0.9416740210351018,0.9392422327988288,0.9367871710076905,0.9343090148395626,0.9318079434851474,0.9292841361147789,0.9267377719096555,0.9241690300506038,0.9215780897219318,0.9189651300894508,0.9163303303453074,0.9136738696589429,0.9109959272029283,0.9082966821680016,0.9055763137240331,0.9028350010454173,0.9000729233106122,0.8972902596946583,0.8944871893696658,0.891663891509247,0.888820545298611,0.8859573298896181,0.8830744244758029,0.88017200822078,0.8772502602908934,0.8743093598638015,0.8713494861055127,0.8683708181789278,0.8653735352749908,0.8623578165245498,0.8593238411397619,0.8562717882511848,0.8532018370274428,0.8501141666556392,0.8470089562672912,0.8438863850660018,0.8407466321771312,0.837589876778642,0.8344162980236788,0.8312260750854736,0.8280193871218618,0.8247964132715376,0.8215573327038057,0.8183023245881492,0.8150315680582565,0.8117452422895673,0.808443526420591,0.8051265996237106,0.8017946410269964,0.7984478298080537,0.7950863451014364,0.7917103660581916,0.7883200718277361,0.7849156415765441,0.781497254428195,0.7780650895459468,0.7746193260660132,0.7711601431418309,0.7676877199099734,0.7642022355269991,0.7607038691262707,0.7571927998451924,0.7536692068326007,0.7501332692469742,0.7465851661882743,0.7430250768352745,0.7394531803147643,0.7358696557499989,0.7322746822974182,0.7286684390958097,0.725051105254687,0.7214228599417424,0.7177838822777528,0.7141343513941396,0.7104744464318535,0.7068043465243032,0.7031242307961544,0.6994342783870141,0.6957346684275396,0.6920255800506931,0.6883071923771329,0.6845796845454262,0.6808432356846019,0.6770980249225249,0.6733442313864095,0.6695820342103811,0.6658116125131051,0.6620331454266697,0.6582468120768302,0.6544527915894058,0.6506512630900683,0.6468424057114699,0.6430263985643517,0.639203420790119,0.6353736514964141,0.6315372698183682,0.6276944548791068,0.6238453857907184,0.6199902416924044,0.6161292016964035,0.6122624449262151,0.6083901505048261,0.6045124975535081,0.6006296651921058,0.5967418325458873,0.5928491787258003,0.5889518828621916,0.5850501240709373,0.5811440814666202,0.5772339341782189,0.5733198613168606,0.5694020420049678,0.5654806553595572,0.561555880496968,0.5576278965362724,0.5536968825920954,0.5497630177889783,0.5458264812368305,0.5418874520543135,0.53794610935767,0.5340026322619207,0.5300571998864689,0.5261099913401198,0.5221611857442441,0.5182109622115616,0.5142594998536016,0.510306977794008,0.5063535751384856,0.5023994710017364,0.49844484450098764,0.494489874750331,0.4905347408596301,0.4865796219446693,0.4826246971163657,0.4786701454916057,0.47471614617969393,0.4707628782949492,0.46681052094879094,0.4628592532558311,0.4589092543241479,0.4549607032708506,0.4510137792028541,0.4470686612359436,0.4431255284806765,0.43918456004787015,0.43524593505041487,0.4313098325988736,0.4273764318055495,0.42344591178234275,0.4195184516394178,0.41559423048835636,0.4116734274407806,0.4077562216078503,0.4038427921000939,0.39993331802957793,0.3960279785068973,0.3921269526428515,0.3882304195490872,0.38433855833636493,0.38045154811586307,0.3765695679984902,0.37269279709566416,0.36882141451829126,0.3649555993775783,0.3610955307846181,0.35724138785049886,0.35339334968626557
0.9705265349426044,0.971059492263936,0.9723954754269282,0.9742769524070581,0.976445379825339,0.9786418844446914,0.9806075535406757,0.9820836555087946,0.9828119906018096,0.9825357497203505,0.981004859213991,0.9783554714339925,0.9747308767205947,0.9702762956641405,0.9651378859135482,0.9594623161838666,0.9533965369076061,0.9470876221931576,0.9406826588552141,0.9343286508314426,0.9281724502338966,0.9223606696547311,0.917039538056897,0.9123546611580279,0.9084505251561396,0.9054687104962713,0.9035119740269217,0.9024899611617341,0.9023089419280588,0.9028740293082839,0.9040897731442723,0.9058604546885212,0.9080902731594603,0.9106835026176962,0.913544631473478,0.91657843785322,0.9196900220731545,0.9227848270217436,0.9257687277493799,0.9285483278896917,0.9310315337202418,0.9331287277750726,0.9347573004280558,0.9359024164966547,0.9365570203428094,0.9367169476000898,0.9363796623080494,0.9355437684709959,0.9342087193709878,0.9323746257143666,0.9300420740360255,0.927211953734133,0.9238853169381597,0.9200632752847346,0.9157469013211109,0.9109371312173359,0.9056346510370554,0.899839750574972,0.8935522123587658,0.886771432572616,0.8794966396508023,0.8717270973151868,0.863462372808315,0.8547031488467663,0.8454573065988003,0.8363157407968471,0.8278740207232208,0.8207287987190464,0.8154770777471153,0.8127159315926635,0.8130422685567327,0.8170523853121212,0.8253402382562077,0.836652144056848,0.8496952089144721,0.8631743545673105,0.8757937984468296,0.8862575246065569,0.8932695290703129,0.8955340869860426,0.8917563011763205,0.8806441865353921,0.8639865755409961,0.8435764324310575,0.8212076253612091,0.7986743157625099,0.7777706980125296,0.760290763569076,0.7480278353556113,0.742772857209051,0.7430349230336991,0.74731421936093,0.7541096284871203,0.7619195948262739,0.7692424448396,0.7745766019292227,0.7764208349007227,0.7732746975584643,0.7636401173927079,0.7487962636971079,0.730256242969445,0.7095362995936929,0.6881536228964098,0.6676257225601498,0.6494701283994911,0.6352041065196139,0.6263440266452045,0.6244020171296805,0.6282067272484604,0.6365809994862232,0.6483464505500035,0.6623242386814235,0.6773353496582908,0.6922007956997647,0.7057418503178272,0.7167805876966103,0.7241422873836773,0.7281878966830636,0.7292849085979348,0.727802160140588,0.72410898513846,0.7185748917984204,0.7115693616980829,0.7034616164533043,0.6946201232156726,0.6854103010857473,0.6760632075197615,0.6666498494860714,0.6572385660099717,0.6478967734831268,0.6386914053433018,0.6296890931144606,0.6209562558016058,0.6125591251127538,0.6045637256940379,0.5970358274590583,0.5900408872774165,0.5836439778728422,0.5779097463380984,0.5729023499508543,0.5686852823127396,0.5653208836857125,0.5628679085824928,0.561175645305851,0.5600818935519434,0.5594227959161754,0.5590340757256806,0.5587513826522488,0.558410545299921,0.5578481358607903,0.5569045556782781,0.5555983992131364,0.5539557565534219,0.5520051020227241,0.5497763046509911,0.5473003205364797,0.5446090207061842,0.5417349508090682,0.5387110823922104,0.5355705757607874,0.532346591359145,0.5290720782771039,0.5257793497298568,0.522498648426485,0.5192540307748581,0.5160598929606044,0.5129218557992853,0.509841638848215,0.5068193191772912,0.5038541233680052,0.5009447751311705,0.49808968081908506,0.49528704371764254,0.49253491451340625,0.48983119601666353,0.48717359348061295,0.48455955555441466,0.4819862148708878,0.4794503497461578,0.4769483418632222,0.47447611755324537,0.47202907567907926,0.4696019414852801,0.4671885743087296,0.46478173190153155,0.46237252034946064,0.4599491896237227,0.45749309693611007,0.4549204638325641,0.4521324189740812,0.44902625331121304,0.4454975628917149,0.4414411110111413,0.43675133064828464,0.4313225904795225,0.4250493979669443,0.41782668367301534,0.4095504695909262,0.4001211290870161
0.9821227930302155,0.9837141383516841,0.9849004283902056,0.9856973898223359,0.9861207492561974,0.9861862331983804,0.9859095680383794,0.9853064800674805,0.984392695542207,0.9831839407983808,0.9816959424263368,0.9799444275000362,0.977945123848976,0.975713760363693,0.973266067312907,0.9706177766537023,0.9677846223132411,0.9647823404158742,0.9616266694330733,0.9583333502399225,0.9549181260752218,0.9513967424215082,0.9477849468235549,0.9440984886673658,0.9403531189331222,0.9365645899308424,0.9327486550267408,0.9289210683652427,0.9250975845874266,0.9212939585448321,0.9175259450040434,0.9138092983330229,0.9101597721552337,0.9065931189594189,0.903125089650533,0.8997714330131341,0.8965478950514582,0.8934702181565539,0.8905541400331864,0.8878153922625935,0.8852696982928343,0.8829327704399303,0.8808203050904377,0.8789479744476559,0.8773314104478848,0.8759861657638988,0.8749275699950311,0.8741686216204396,0.8736805191761284,0.8734342616774843,0.8734007797664128,0.8735509694700305,0.8738557064177503,0.8742858532681441,0.8748122640821944,0.8754057871329082,0.8760372668397722,0.8766775451785616,0.8772974627889297,0.8778678599325251,0.8783595774218119,0.878743457637766,0.8789903457889661,0.8790710916560711,0.878956552257746,0.8786175962616565,0.8780251117775091,0.8771500216521624,0.8759633194259241,0.8744361906081256,0.8725411839577668,0.8702949853345504,0.8677145042496213,0.8648167245408422,0.8616186683093245,0.8581373813321345,0.8543899254789425,0.8503933741932822,0.8461648095230953,0.8417213200571027,0.8370799994270075,0.8322579451730199,0.8272722578469686,0.8221400402651512,0.8168783968478145,0.8115044330081057,0.8060352545585314,0.800487967106659,0.794879675403206,0.7892274826000574,0.7835484893592088,0.7778597927389386,0.7721784847382803,0.7665216503057192,0.7609063644695517,0.7553496878835577,0.7498686592329912,0.7444802807848849,0.7392014868685739,0.7340490571461455,0.7290392218491863,0.7241684620412089,0.7194332413557484,0.7148299838511765,0.7103550865759319,0.7060049284072687,0.7017758755053644,0.6976642848214667,0.6936665064559153,0.6897788853127241,0.6859977623016041,0.6823194752346935,0.6787403595050929,0.6752567486064607,0.671864974550096,0.6685613682216066,0.6653422597009102,0.6622039785637879,0.6591428541706087,0.656155215946128,0.6532373936493703,0.6503857176341239,0.6475965190983147,0.6448661303280658,0.6421908849424176,0.6395671181496485,0.6369911670313678,0.6344593708659655,0.6319680715025315,0.629513613793888,0.6270923461014637,0.6247006208926444,0.6223347954691519,0.619991232883554,0.6176663031256039,0.6153563846794408,0.6130578666160544,0.6107671514561932,0.6084806591951718,0.6061948330951173,0.6039061480778528,0.6016111226820355,0.5993063354427769,0.5969884445666507,0.5946542060176877,0.5923004827853394,0.5899242415174644,0.5875225399246556,0.5850925110906795,0.5826313484328676,0.5801362930703635,0.5776046239692871,0.575033650380259,0.5724207060264405,0.5697631446524154,0.567058336693877,0.5643036667795157,0.5614965318018075,0.5586343394053144,0.5557145067761565,0.5527344596596723,0.5496916315738103,0.5465834632150873,0.5434074020358426,0.5401609019725697,0.5368414233383342,0.5334464328877174,0.5299734040703845,0.5264198174868286,0.5227831615748616,0.5190609335954697,0.5152506410503999,0.5113498037095416,0.5073559565250108,0.5032666540061783,0.49907947723474555,0.4947920465547939,0.490402047639385,0.4859072943224551,0.4813059229764619,0.47659742637012037,0.471790941092471,0.4668957477171116,0.46192118056498677,0.45687660905415506,0.45177142618175536,0.4466150411773534,0.4414168748349426,0.4361863564772559,0.43093292191330324,0.4256660119980927,0.420395071585787,0.4151295487469796,0.4098788941766034,0.40465256073540634,0.39946000307981305,0.3943106773514322,0.38921404090915795,0.3841795520914303
0.9941144656337262,0.9908189099132768,0.9855099321004036,0.9776947660781993,0.9682380704129261,0.9580364187479924,0.9479881051030203,0.9389917506342539,0.9319457863494043,0.9277475570997515,0.9272878686277978,0.9297755310687831,0.9344172135792586,0.9404191630703053,0.946987743861889,0.9533300110452463,0.958655027988117,0.962178470764864,0.9632649117218953,0.9621749796332245,0.9591804580891191,0.9545617511624934,0.9486182737203711,0.9417146089659509,0.9342304574784758,0.9265511052565658,0.9190652569769726,0.9121637776704205,0.9062382890298065,0.9016805131597865,0.8988816704716365,0.8982303003132521,0.8992279135178671,0.9013670572437669,0.9041389439442149,0.9070343780967375,0.9095441474382736,0.9111594706228389,0.911373541434582,0.9103731697624652,0.9086813957374438,0.9068228099385733,0.9053222027571647,0.9047039289252323,0.9054893464259847,0.9073306638599408,0.9098728240646075,0.9127595407216023,0.9156340658873926,0.9181394923346001,0.9199189754851873,0.920616002370398,0.919874970770322,0.9173432982458798,0.9132320453146832,0.9077919568243172,0.9012758509718415,0.8939369066858218,0.8860281177573803,0.877801245709872,0.8694948124431005,0.861252741300009,0.8532141185139017,0.845516024560166,0.838294372260866,0.8316842564867112,0.8258200900030385,0.8208356399447964,0.8168640593705166,0.8140377100530414,0.812487508170954,0.8123400059608479,0.8135500074805851,0.8156433815573976,0.8181433682582491,0.8205726784308937,0.8224540576833155,0.8233109080412445,0.8226702078011723,0.820674937006948,0.8174722339439668,0.8132104818056145,0.8080387759686938,0.8021068062713843,0.795564887933691,0.788564049768967,0.7812563686970008,0.7737965245658076,0.7663613689703451,0.759153018282118,0.7523756228535174,0.7462337661294028,0.7409319586683085,0.7366739762140575,0.7336596246429812,0.7315567754299048,0.7300283901390083,0.7287365630914008,0.7273432226095224,0.7255105874067834,0.722902210998652,0.7191922838417314,0.714811298435376,0.7101939175772514,0.7057755748447435,0.7019917866401734,0.6992776310435727,0.6980661147522192,0.6987127449534662,0.7005418667178325,0.7028762739227535,0.7050384933794563,0.7063513324919307,0.7061393660103784,0.703741617434633,0.6994839093540061,0.6937132542347115,0.6867810790157928,0.6790411230962082,0.6708480663588974,0.6625569039147865,0.6545225847369688,0.6470996706656071,0.6406415814800045,0.6354974806062443,0.6313442098298568,0.6278311380335457,0.6246054880709708,0.6213139853239138,0.6176033747861336,0.6131209947897043,0.6075172461494467,0.6014378482667537,0.5955357885197139,0.590465005315125,0.5868795368500542,0.5854329026797439,0.5867755862783353,0.5901141314057383,0.5946335057465871,0.5995174211457545,0.6039494155789976,0.6071133653490234,0.6081945872943614,0.6063899689299513,0.6025505356325356,0.5975295692329589,0.5921807061155769,0.5873573275116675,0.5839114241993633,0.5826892000845414,0.5833286164288722,0.5854427388302591,0.5886408609113933,0.592531066957629,0.5967208990427888,0.6008176900984123,0.6044287933002035,0.6071618729053361,0.6086253012176591,0.6084286825195585,0.606183904889723,0.6015080269503533,0.5947221328118657,0.586188549765552,0.5762740307615497,0.5653472673348624,0.5537781902302251,0.5419379353659242,0.5301989573119023,0.5189346775623258,0.5085190536677289,0.4993262424372146,0.4917303243086695,0.486104865174276,0.48282144426868734,0.48218327283119417,0.4834480690624983,0.48587136699510103,0.4887081625845221,0.49121335114202497,0.49264202551801256,0.49224979788633605,0.48929341893762,0.48303303837312217,0.4743694233853045,0.46421361735016886,0.4534789905671974,0.44307958326912983,0.43392959549698057,0.4269430032949362,0.42303290081102496,0.42310902869992834,0.42619495328946155,0.43130053846474864,0.4374339316505421,0.4436029581679414,0.44881566610284607,0.4520813732123449
1.0454706098581426,1.0508558455283752,1.0547111389370882,1.056543387709924,1.055859307883378,1.0521655982041107,1.044969160831498,1.0337775735628858,1.0181019538629523,0.9995244868458187,0.9796338486178209,0.9600198759516968,0.9422726440753441,0.9279819643046715,0.9187356942868234,0.9149971786454513,0.915715262690562,0.9198369438208402,0.9263088247391432,0.9340776013642538,0.9420906691983939,0.9492984079280649,0.9546653037257228,0.9583186313965877,0.9603937874647185,0.9610291421713846,0.9603642009719013,0.9585389820380416,0.9556936297469026,0.9519680801494221,0.9475015453008184,0.9424314886285854,0.9368931522576772,0.9310208489844027,0.9249486616221305,0.9188108486824766,0.9127425988563559,0.9068834923504826,0.9019755161561486,0.8987720267393158,0.8980277856869302,0.900497860695663,0.9069371953994962,0.9180999650645755,0.9347361742666672,0.9527609097975197,0.9680872340457563,0.9766279378005924,0.9742960926772836,0.9570072418724522,0.9291750779154422,0.8952151147830141,0.8595430529661179,0.8265742248195896,0.8007210581320635,0.7847452413654247,0.7772246585370972,0.7767341818498145,0.7818479075710287,0.7911396706086745,0.803183336944236,0.8165531500415228,0.8298243599767462,0.8415751090725032,0.8503943694621873,0.8564997369512384,0.8601221500452031,0.8614947960267496,0.8608516425220715,0.85842694662018,0.8544549142800439,0.8491691804997402,0.842800617251832,0.8353969004935399,0.826999544298733,0.8176489661711032,0.807385290693538,0.7962487115053307,0.7842799506028773,0.7715217493257561,0.758444832110841,0.7455680467300508,0.7334118958525845,0.7224972232369895,0.7133447925607456,0.7064747591532238,0.7024054177130754,0.7016455646916241,0.7035694919016839,0.7075438437012929,0.7129332161594147,0.7191014388283882,0.7254120219040479,0.7312284678666227,0.7359145694288277,0.7388348856198902,0.7393561793299913,0.7368673706967721,0.7320303300870568,0.7255096831101573,0.7179710189260474,0.7100803048440233,0.7025035454186793,0.695906449096767,0.6909536564328256,0.6883057436747583,0.6884722978275298,0.6908860159472188,0.694976396204481,0.700171585401812,0.7058986688813635,0.7115840178057067,0.7166535296744537,0.720532949387367,0.7226481333368406,0.722425354336311,0.7192918526127844,0.7126776150974125,0.7035573637345838,0.6929240570138328,0.6817722582064045,0.6710968209744671,0.661892418670695,0.6551526346117564,0.6518613513328247,0.6510579767267197,0.6517793587951296,0.6530618336877474,0.6539417360818519,0.6534558871512419,0.650642887700782,0.6445498316263385,0.6361631432457441,0.6264772458094717,0.6164876627759287,0.6071901473906492,0.5995803236150901,0.5946531663425841,0.5934000625849417,0.5946207843411276,0.597111428113316,0.5996673271845415,0.6010836581921924,0.6001558067101083,0.5956800117752625,0.5864561016683671,0.5737814591127461,0.5589649925465351,0.5433174277842384,0.5281501693877436,0.5147748555893894,0.5045030689809761,0.4986459078011761,0.49851243307508786,0.5028018470203084,0.5102032239183901,0.5194047346637762,0.5290944221845625,0.5379606681139455,0.5446938070078047,0.5494396156961477,0.5523528689019895,0.5535895915379947,0.553306084306686,0.5516585099490777,0.5488023034744586,0.5448899877933635,0.540068173628288,0.5344806458020173,0.5282699862229187,0.52157811192739,0.5145463227235573,0.5073151752551439,0.5000242779179036,0.4928117884982007,0.485814403105178,0.4791674296625188,0.47300479278469865,0.4674582968366067,0.46265374025937966,0.4586522659085017,0.4553555612101225,0.4526560157459712,0.45044366081090065,0.44860775603278247,0.44703727510019503,0.445621128289035,0.4442483535432582,0.4428084175768741,0.44119197482432393,0.43929430665794406,0.4371036470816594,0.43462934675303566,0.4318836080210954,0.4288795197554634,0.4256304871155806,0.4221499547432682,0.4184511699939962,0.41454681611554506
0.9801190592973038,0.9739890065812693,0.9698205947804656,0.9679002763605935,0.9679679409745956,0.9697607790394319,0.9730152938872627,0.9774677027829318,0.9828540801032499,0.9889104206244385,0.9953726751211278,1.0019767763784173,1.0084586622492455,1.0145542980939575,1.0199997019993954,1.0245309769110562,1.0278843706012304,1.02979642041785,1.0300044961220367,1.028275653698077,1.0248364396252105,1.0199143033772624,1.0137369455778218,1.006532157123231,0.9985277494888114,0.9899515049448868,0.9810311103110011,0.9719940139280586,0.9630670256315792,0.9544745140444744,0.9462237703445726,0.9383157574472027,0.9307504009237119,0.9235272532650012,0.9166456908504967,0.9101050007586079,0.9039044313129851,0.8980432288556597,0.8925206728226601,0.8873361159397337,0.8824890315078278,0.8779790575695278,0.8738060092561972,0.8699698390464259,0.8664705803034959,0.8633083006663397,0.8604830640090498,0.8579948872822742,0.8558436739253037,0.8540290823914646,0.8525502136751633,0.8514043013240954,0.8505686061342872,0.8500071284987376,0.8496820029374695,0.8495546432639423,0.8495860435260181,0.8497368894660529,0.8499676096434892,0.8502384057670368,0.8505093039857621,0.850740212366984,0.8508909698511333,0.8509213893118998,0.8507912963043316,0.8504605777511827,0.8498892651694181,0.8490377254489572,0.8478672104202447,0.8463409838969895,0.8444242105266803,0.8420830834622733,0.8392844177361847,0.8359954567248021,0.8321837799396293,0.8278172903947006,0.8228642616039396,0.8172934686585711,0.8110746011407894,0.8041796930394962,0.7965980179367128,0.7885105131565637,0.7800992981626014,0.7715468662380445,0.7630358531718189,0.7547489450285289,0.7468688254822743,0.7395781268624585,0.7330593576337426,0.7274947682656971,0.7230660225932772,0.7199528887973935,0.7183108785685566,0.71791081691534,0.7185214515801072,0.7199107135933214,0.7218461208704016,0.724094983496589,0.7264245101680273,0.7286018667931314,0.7303942180267605,0.7315687680158961,0.7318928165995175,0.7311338555595415,0.7290597838291305,0.7254396617536883,0.7200534805098966,0.7132680649777221,0.7054523801858159,0.6969759651903055,0.6882085954686998,0.6795201528333032,0.6712805578449311,0.6638597232023591,0.6576275025365491,0.6529536061507835,0.6502074105518145,0.6497572095783671,0.6518613150145064,0.6560834512720478,0.6619863586420552,0.669132436656842,0.6770839138498436,0.6854029225506117,0.693651540652434,0.7013918211373229,0.7081858185451683,0.7135956186345126,0.717183378373005,0.7185113939995194,0.7171422466139141,0.7126392882218232,0.7045734173255878,0.693618146783758,0.6804482421979936,0.6657388498363521,0.6501652629252923,0.6344028271640552,0.6191268860426304,0.6050127261415517,0.5927354802900178,0.5829698850395497,0.5763892064517697,0.5726291631566631,0.5713223905793359,0.5721009951094403,0.57459689422252,0.5784419231821523,0.5832678858160484,0.5887065874849946,0.5943898684098261,0.599949644537206,0.6050179633855747,0.6092270884013228,0.6122096385142693,0.61359893823784,0.6130302434587896,0.6104886115456315,0.6061380666202175,0.6001462658581911,0.5926823265903863,0.5839161313449811,0.5740180794990009,0.563158995990347,0.5515100789380221,0.5392428483787934,0.5265291057506927,0.513540895010307,0.5004504388700742,0.48743007680641426,0.47465222007175223,0.4622893185995697,0.45051383438484693,0.439498216997223,0.4294148786949418,0.42043616351500007,0.41273429471817624,0.4064812689788771,0.4018485903046738,0.3990062768722825,0.3977731148373072,0.3979603886089727,0.39937825856472764,0.40183651323241226,0.405144782523288,0.4091126269729759,0.41354958573057027,0.41826521155960017,0.42306910216916893,0.4277709208752271,0.43218039026379174,0.4361072669039855,0.4393613120341714,0.44175225791103684,0.44308976715820875,0.44318337792184515,0.4418424421201429,0.438876093966753,0.43409328229039795
0.9860273203280613,0.9847503494605506,0.9834433331697698,0.982106461595434,0.9807399248773654,0.9793439131552063,0.9779186165685239,0.9764642252572129,0.9749809293607973,0.9734689190192377,0.9719283843722799,0.9703595155590695,0.9687625027205845,0.967137535994194,0.965484805522363,0.9638045014427907,0.9620968138962928,0.9603619330218442,0.958600048960256,0.9568113518495556,0.9549960318303922,0.9531542790438696,0.9512862836259705,0.9493922357208209,0.94747232546513,0.9455267429998142,0.9435556784640369,0.9415593219983325,0.9395378637401599,0.9374914938319239,0.9354204024149635,0.9333247796233479,0.9312048155984889,0.9290607004835363,0.9268926244168287,0.9247007775352363,0.9224853499813959,0.9202465318957705,0.9179845134134371,0.9156994846789409,0.9133916358317257,0.9110611570080565,0.9087082383484425,0.906333069995112,0.9039358420875628,0.9015167447596564,0.8990759681633829,0.8966137024235464,0.8941301376937277,0.89162546410778,0.889099871795799,0.8865535509109834,0.8839866915838661,0.8813994839713934,0.8787921181873982,0.8761647843976859,0.8735176727178567,0.8708509733021521,0.8681648762912828,0.8654595718154607,0.8627352500153022,0.8599921010479177,0.8572303150368408,0.8544500821147666,0.8516515924438133,0.8488350361388998,0.8460006033623215,0.843148484238631,0.8402788689247704,0.8373919475323728,0.8344879102221644,0.831566947132795,0.8286292483934897,0.825675004158654,0.8227044045513847,0.8197176397317917,0.8167148998165146,0.8136963749612659,0.8106622553088287,0.8076127309793122,0.8045479921092006,0.8014682288957682,0.7983736313925993,0.7952643898116017,0.7921406942574524,0.7890027348694388,0.7858507018015324,0.7826847851889462,0.7795051751581746,0.7763120618661858,0.7731056354468292,0.7698860860184412,0.7666536037749292,0.7634083787924598,0.7601506012734144,0.756880461294031,0.7535981490331647,0.7503038546238723,0.7469977682092804,0.7436800799125524,0.7403509798959618,0.7370106582985981,0.7336593052340623,0.7302971108603065,0.7269242653192147,0.7235409587284176,0.720147381268309,0.7167437230446475,0.7133301742023282,0.7099069249045775,0.7064741652400948,0.7030320854089016,0.6995808755167918,0.6961207257165682,0.6926518261336073,0.6891743669192515,0.6856885382098277,0.6821945301490017,0.6786925328687928,0.6751827365021592,0.6716653312083137,0.6681405071159845,0.6646084543869697,0.6610693631211061,0.657523423474089,0.6539708255925916,0.6504117596359513,0.6468464156861681,0.6432749839482748,0.6396976545109084,0.6361146175462649,0.6325260631782106,0.6289321815571405,0.6253331628105799,0.6217291970822941,0.6181204745152451,0.61450718525154,0.6108895194356291,0.6072676671773097,0.6036418186564811,0.6000121639900827,0.5963788933208447,0.5927421967822697,0.5891022645405292,0.5854592866999896,0.5818134534269327,0.5781649548527128,0.5745139811083894,0.5708607223462081,0.5672053686963128,0.5635481103049164,0.5598891373083532,0.5562286398533556,0.5525668080675538,0.5489038321020049,0.5452399020884576,0.5415752081711844,0.5379099404911215,0.5342442891840073,0.5305784443891295,0.5269125962510441,0.5232469349058886,0.5195816504948036,0.515916933156576,0.5122529730314286,0.5085899602595967,0.504928084980029,0.5012675373336238,0.4976085074584377,0.49395118549581,0.49029576158487287,0.48664242586525813,0.4829913684771081,0.4793427795596993,0.4756968492531202,0.4720537676970641,0.46841372503138073,0.46477691139573407,0.4611435169297291,0.45751373177360927,0.4538877460664873,0.45026574994847174,0.4466479335595853,0.44303448703897286,0.4394256005270578,0.435821464162991,0.43222226808690234,0.4286282024384502,0.4250394573572897,0.4214562229834391,0.41787868945649087,0.41430704691609316,0.41074148550228506,0.40718219535465,0.40362936661289095,0.40008318941695803,0.3965438539064367,0.39301155022124157,0.38948646850093477
0.9438998416730535,0.9398057692902312,0.9411274857064497,0.9466861076667824,0.9553021393042143,0.9657958798523938,0.9769876221055207,0.9876978231416909,0.9967474085700164,1.0029586052523367,1.005160407122357,1.003894236268993,0.9997038108506011,0.9931335206712001,0.9847280401503092,0.9750321729437582,0.9645907647569292,0.9539486263539749,0.9436504638323214,0.9342407916084587,0.9262637783569229,0.9202628741295078,0.916779055706936,0.915463750595001,0.9159619357297055,0.9179175597841467,0.92097419274852,0.9247752471228282,0.9289641180344244,0.9331843316059996,0.9370797764395551,0.9402952273438363,0.9424787386717044,0.9437170381703074,0.9441026671964635,0.9437292256406976,0.9426906952358666,0.9410812005515148,0.9389948848615354,0.936525795172642,0.9337677349116718,0.9308140723221847,0.9277576791244551,0.9246910703296853,0.9217065555802064,0.9188963244191595,0.9163524811851465,0.9141670219650362,0.9124317363937504,0.9112379659296033,0.9106756468903758,0.9107831431429865,0.9112546185586219,0.9117826776370832,0.9120593980840564,0.9117766172191154,0.910626090320429,0.908299611200081,0.9044891587701958,0.8988871811519934,0.8911876186350137,0.8811202336422866,0.8691165514894527,0.8556095990453755,0.8410327987797449,0.8258196895179292,0.8104037661870497,0.7952183286453367,0.7806962938189479,0.7672699869451618,0.7553710397463802,0.7454303893583268,0.7378782705681317,0.7331440378204772,0.7316554522670501,0.7338317407872441,0.7389468372679129,0.7462727349642863,0.7550808968538832,0.7646426060095071,0.7742291481909691,0.7831119943102772,0.7905632020044937,0.7958570291424224,0.7991798219602243,0.8007229498305108,0.8006787419632635,0.7992398187669274,0.7965988548758389,0.7929483838771079,0.7884804143623002,0.7833852065197675,0.7778451397984562,0.772000379357391,0.7659818678514146,0.7599167302704277,0.7539292753268794,0.7481406221593707,0.742663036215043,0.7375559219321063,0.7328710342053217,0.728658708517105,0.7249687796148697,0.72185083569202,0.7193543189445374,0.7175285393649068,0.7164226173835715,0.7160853403597758,0.7165647781781622,0.7179067882122357,0.7196567735231776,0.7212688883751034,0.7221952896916722,0.7218876274652845,0.7197974146060511,0.7153762120489608,0.7080758350528635,0.6973488558582962,0.6826519565215519,0.6657152504284991,0.6482703346890557,0.6320491196806742,0.6187835360201294,0.6102052833328832,0.6080448817906253,0.611025874271529,0.6178584254611135,0.6272519638996508,0.6379157379938547,0.6485590123334133,0.6578912622774274,0.6646224108521908,0.6674632143415584,0.6651267383727264,0.658009072977098,0.6471983880574442,0.633784814720086,0.618859192915219,0.6035127025376908,0.5888366702333677,0.575922413515108,0.5658610547058522,0.5597431162112332,0.5586567390598914,0.5621359702802012,0.5689736712394733,0.5779599637090201,0.5878841557207694,0.5975352746093316,0.6057022932156838,0.6111743023797915,0.6127408138407997,0.609192951223955,0.6014219135444716,0.5903268884658469,0.5768079276867957,0.5617653533407799,0.5460995617084508,0.5307108781405901,0.5164993575527027,0.5043643370231299,0.49520257288344965,0.48874062238888694,0.48469701299961776,0.4827890426854673,0.48273358242342224,0.4842473594322587,0.48704710569768334,0.4908496821546451,0.49537218498029334,0.5003319989231318,0.5054467521845554,0.5104342302932823,0.5150123137085412,0.5188989431086176,0.5218121230472061,0.5234699889505416,0.523590987642334,0.5218944399142715,0.5181039537958362,0.5125203777691605,0.5054489094442003,0.49719554214451606,0.48806649116020595,0.47836796140810356,0.46840591699443135,0.45848540301247814,0.44890565327850684,0.4397268718036293,0.4310048138687339,0.42279383510977986,0.41514772271887757,0.40812000707432067,0.4017641141211613,0.3961334614015827,0.3912815171082687,0.3872618341587816,0.3841280525638387,0.3819338660642496
1.0022075470303637,1.0001238216089656,0.998022282763358,0.9959030582933632,0.9937662759986028,0.9916120636791443,0.9894405491343392,0.987251860164207,0.9850461245684556,0.982823470146821,0.9805840246989839,0.9783279160249707,0.9760552719246135,0.9737662201965434,0.9714608886424912,0.9691394050602471,0.9668018972509111,0.9644484930137094,0.9620793201480184,0.9596945064542841,0.9572941797328101,0.9548784677816513,0.9524474984012946,0.9500013993919226,0.9475402985528797,0.9450643236846157,0.9425736025869307,0.9400682630570212,0.9375484328959577,0.9350142399067374,0.9324658118860453,0.9299032766360312,0.9273267619507061,0.9247363956334731,0.9221323054867575,0.919514619306375,0.9168834648972046,0.9142389700473749,0.9115812625710235,0.9089104702624806,0.906226720913336,0.9035301423352191,0.9008208623217309,0.8980990086758336,0.8953647091933965,0.8926180916787133,0.8898592839230626,0.8870884137373232,0.8843056089214124,0.8815109972585529,0.8787047065587159,0.8758868646282283,0.873057599262812,0.8702170382576574,0.867365309410125,0.8645025405375791,0.8616288594202833,0.8587443938536046,0.8558492716523872,0.8529436206374655,0.8500275685586218,0.8471012432461618,0.8441647724907868,0.8412182840984299,0.8382619058715078,0.8352957655932226,0.8323199910791331,0.8293347101228195,0.8263400505228347,0.8233361400883192,0.8203231066137746,0.8173010778756846,0.814270181709309,0.8112305458957644,0.8081822982555367,0.8051255665517327,0.8020604786005314,0.798987162210014,0.7959057451779991,0.7928163553036194,0.7897191203691579,0.7866141682027683,0.7835016265853981,0.7803816233214821,0.7772542862019071,0.7741197430456124,0.7709781216313969,0.7678295497802231,0.7646741552535559,0.761512065912106,0.7583434094925761,0.7551683138338828,0.7519869067364933,0.7487993159700433,0.7456056693531863,0.7424060946878804,0.7392007197592629,0.7359896723984105,0.7327730803667654,0.7295510714917354,0.7263237735486366,0.7230913143666281,0.719853821718587,0.7166114234262612,0.7133642472563008,0.710112421042811,0.706856072564757,0.7035953296386465,0.7003303200489395,0.6970611715996997,0.6937880120793879,0.6905109693200808,0.6872301710974252,0.6839457451952091,0.680657819436702,0.677366521622947,0.6740719795392978,0.6707743210061614,0.667473673795741,0.6641701657252782,0.6608639245864338,0.6575550781921944,0.6542437543204397,0.6509300807872336,0.6476141853841004,0.644296195908159,0.6409762401782659,0.637654445955421,0.6343309410902717,0.6310058533332954,0.6276793105199192,0.6243514404244095,0.6210223708687652,0.6176922296301044,0.6143611445254094,0.6110292433459878,0.6076966538888939,0.604363503957021,0.6010299213535693,0.5976960338728814,0.5943619693083375,0.5910278554744219,0.5876938201588915,0.584359991171442,0.5810264962979064,0.5776934633452846,0.5743610201121783,0.5710292944019568,0.5676984140064979,0.5643685067329453,0.5610397003712605,0.5577121227304451,0.554385901603431,0.5510611647936107,0.5477380400995359,0.5444166553141965,0.5410971382480225,0.5377796166937199,0.5344642184501635,0.5311510713191443,0.527840303099932,0.524532041589017,0.5212264145906541,0.5179235499007736,0.5146235753185258,0.511326618644923,0.5080328076790144,0.5047422702194515,0.501455134066456,0.498171527018765,0.4948915768762766,0.49161541143770354,0.4883431585032353,0.4850749458714776,0.4818109013423734,0.4785511527151707,0.475295827788914,0.47204505436319855,0.46879896023781,0.46555767321111463,0.4623213210838821,0.4590900316542381,0.455863932722309,0.45264315208704115,0.4494278175480919,0.4462180569048207,0.4430139979563406,0.4398157685023596,0.4366234963419673,0.4334373092747408,0.4302573351000308,0.4270837016170914,0.4239165366254619,0.42075596792439074,0.41760212331331314,0.41445513059160366,0.41131511755860845,0.4081822120137542,0.40505654175636724
0.9509128959991384,0.9460655723283387,0.9405790270046483,0.9347560928294523,0.9288992276967543,0.9233097836453859,0.9182869200552233,0.9141256457795611,0.9111139663781352,0.909523239535024,0.909569780212906,0.9114167798446338,0.9147513986061583,0.9192509828041421,0.9245910408005453,0.9304464245032761,0.936491771965705,0.9424017811808396,0.9478515713865537,0.9525177876919985,0.9560899369973945,0.9586002250967051,0.960088922622234,0.9606001522997119,0.960181425011128,0.9588855745045323,0.9567830620911021,0.9540023048321895,0.9507211948546854,0.9471272162860563,0.943409636422712,0.9397583558579863,0.9363635174065387,0.9334152806251266,0.9311036065094009,0.9296179709290451,0.9291469143050838,0.9298758302353222,0.9318696908973048,0.9347765683524505,0.9382423881918365,0.9419123977081313,0.945431422531451,0.9484440625411934,0.9505948895733228,0.9515286357283051,0.9508904882626187,0.9483267006946972,0.9434887721824526,0.9363133939072023,0.9271880946483517,0.9165084493740332,0.904674109817721,0.8920863568615888,0.8791471719208115,0.8662588874179119,0.8538239856263452,0.8422449016480982,0.8319237544187483,0.823261510261869,0.8166467358191152,0.811905182477402,0.8088607592363992,0.8073369399719874,0.8071571090710529,0.8081447268179425,0.8101234378612627,0.8129170695718122,0.8163495424397171,0.8202447440188384,0.8244263688328928,0.8287176016814192,0.8329404975505552,0.8369155114607971,0.8404617557604794,0.8433976233757233,0.8455412188990026,0.8467105728626184,0.8467237796015441,0.84539916475797,0.8425556036090497,0.8380136103929243,0.8320925049191499,0.8251780903793053,0.8176580987375281,0.8099207617430242,0.8023544623298772,0.7953475353823958,0.7892880605449133,0.7845634401517098,0.7815587247488526,0.779972789917594,0.7794779983688523,0.7797449471188509,0.7804436567547062,0.7812439313008117,0.7818155066257132,0.7818280891776581,0.7809513849754073,0.7788551977918625,0.7752095888541604,0.7696852260922109,0.7619545370644758,0.7518035472497591,0.7399685098676131,0.7271871478594238,0.7141975344814341,0.7017377446958674,0.6905455629885294,0.6813577684324297,0.674902377441615,0.6706741288770968,0.6681661208388714,0.6668711111183068,0.6662818580306193,0.6658914850441495,0.6651946822789021,0.6636958014403976,0.6614979760928462,0.6587375907677422,0.6555579216879864,0.6521053727433692,0.6485305603547685,0.6449904528962983,0.6416434476225449,0.6386482410944047,0.6361634711215174,0.6343472784589813,0.6333553834877738,0.6328306207105402,0.6324124665002726,0.6317396194670377,0.6304504992589064,0.6281835014513508,0.6245772651033927,0.6192712245462371,0.6119105577899444,0.6031238866997811,0.5935416587400342,0.58379491173546,0.574514912236318,0.5663329414387976,0.5598800693995828,0.5557866837243189,0.554680769401506,0.5557626333554021,0.558229041116521,0.5612761186607725,0.5640998466533171,0.5658963277287903,0.565862120275316,0.5631950886474073,0.5571005600164072,0.5488045948191964,0.5395366363480278,0.530527349541785,0.5230078333218651,0.5182092533038162,0.5173625111556288,0.521697275786543,0.5296503917282109,0.5396529927122771,0.5501355744519657,0.5595285258895675,0.5662624293076929,0.5687685703110192,0.565480807673029,0.5566601963065684,0.5434651059734311,0.5270562186348315,0.508594862817678,0.48924261152909,0.4701610543670908,0.4525115936541737,0.4374551624744506,0.4261517816749337,0.4197591651818063,0.4189327890554844,0.4228487864903199,0.4306806596229517,0.44160098868081676,0.4547818561633098,0.46939493942010413,0.4846115149094977,0.4996024987037978,0.5135385151567101,0.5255900201813499,0.5349274204861016,0.5407212258000046,0.5421422068928137,0.5383616196656066,0.5285515495679913,0.5118864255243438,0.4900718663091601,0.4652642989699134,0.4396220820558183,0.41530399243160276,0.39446887129625197,0.37927540696139406
0.9607859490093997,0.9622532629635556,0.9635102854715166,0.9645636353762006,0.9654199256830563,0.9660857629775013,0.9665677470885992,0.9668724710861184,0.9670065216122656,0.966976479538535,0.9667889209310433,0.9664504182225482,0.9659675414842612,0.9653468596329964,0.9645949414996806,0.9637183566323084,0.9627236757280158,0.9616174706029201,0.9604063137090755,0.9590967770594432,0.9576954305348597,0.9562088396737151,0.9546435630727388,0.9530061493461869,0.9513031334385094,0.94954103192979,0.9477263369201405,0.9458655075331313,0.9439649575051146,0.9420310354988128,0.9400699920082177,0.9380879202238885,0.9360906434913403,0.9340834739830122,0.932070510597217,0.9300520981107392,0.9280256150089328,0.925987254569499,0.9239325861661392,0.9218567840951968,0.9197547468463543,0.9176211668384386,0.9154505805669484,0.9132374090987683,0.910975990226258,0.9086606019202381,0.9062854789169738,0.9038448247830027,0.9013328208398724,0.8987436331669724,0.8960714184371447,0.8933103289567121,0.8904545172228886,0.8874981402158002,0.8844353636403194,0.8812603664558005,0.8779673460835642,0.8745505250635153,0.871004160302438,0.8673225561822824,0.8635000836134259,0.8595312094870383,0.8554105461673174,0.8511329462223189,0.8466937265533842,0.8420894222135554,0.8373365657813091,0.8324558264177426,0.8274688193796548,0.8223975574801368,0.8172642552426657,0.8120912403738787,0.8069009085816707,0.8017156983512502,0.7965580757535249,0.791450524254354,0.7864155372622964,0.7814756121664117,0.7766532449840533,0.7719709248706821,0.767451127732358,0.7631163080402341,0.7589888874946291,0.7550912383897375,0.7514456572113902,0.7480743190153317,0.7449991891229436,0.742241808695063,0.739822490927019,0.7377213321100632,0.7359158846754801,0.7343830177227356,0.733099297109038,0.732041124729755,0.731184806336449,0.7305065888169738,0.7299826826901858,0.7295892764142526,0.7293025459372716,0.72909866185396,0.7289537956577019,0.7288441263513116,0.7287458488374942,0.7286351854766582,0.7284884019763733,0.7282818286262904,0.7279918884840342,0.7275951382006657,0.7270683291581247,0.7263885079552248,0.7255332066023581,0.7244808218297554,0.7232116416548593,0.7217133469836309,0.7199891696342039,0.718044193158542,0.7158843231575358,0.7135159051949349,0.7109455459971362,0.7081800214790333,0.7052262265221381,0.7020911465195752,0.6987818395473013,0.695305425115626,0.6916690771676918,0.68788001861358,0.6839455160975372,0.6798728747866339,0.6756694329149889,0.6713425559304871,0.6668996304311047,0.6623480582702008,0.6576952511857183,0.6529486259848926,0.6481156000475814,0.6432035868558633,0.6382199911823927,0.6331722034945241,0.6280675929390108,0.6229134981886031,0.6177172156152437,0.6124859847732986,0.6072269729727984,0.6019472625703319,0.5966538463089226,0.5913536320853886,0.5860534528796063,0.5807600786015412,0.5754802280509589,0.5702205795818704,0.5649877799702435,0.5597884516126095,0.5546291984599792,0.5495166109097557,0.5444572698579634,0.5394577500304639,0.5345246227273485,0.5296644579283734,0.5248838257119031,0.5201892967848101,0.5155874420062533,0.5110848309544657,0.5066880296678455,0.5024035977124649,0.4982380845197434,0.4941980246586676,0.49028993123042175,0.48652028575608786,0.482895520622074,0.47942198409306225,0.4761058597571704,0.47295294590366455,0.4699678666820162,0.46714419169372906,0.4644727846854517,0.4619438800901178,0.45954748130154777,0.4572734817284101,0.45511171163817965,0.45305196050071594,0.4510839892075829,0.44919753733574486,0.4473823276034147,0.44562806868242033,0.44392445706409034,0.4422611785857023,0.44062790989214523,0.4390143199305068,0.4374100714694418,0.4358048225566207,0.43418822789161027,0.43254994006947944,0.43087961065324154,0.42916689095813637,0.4274014324379928,0.4255728866102088,0.42367090463489987,0.4216851366205928,0.41960523077096884
0.969142273733955,0.9783391149182952,0.9897030886588106,1.000890172400724,1.009556698238368,1.0133602953187215,1.009964450894452,1.001088742618985,0.9884563343972363,0.9737911785686789,0.9588173712704681,0.9452587801190848,0.9348381967809606,0.9292702822220967,0.927876039174208,0.9299701916478855,0.9348654743225282,0.9418732601074558,0.9503038165787127,0.9594667559365232,0.96867147352873,0.9772274501449915,0.9844447474582044,0.9896365476439893,0.9929519336319074,0.9945531358833825,0.9946042206446831,0.9932699482741811,0.9907155035013248,0.9871064082147544,0.9826085365479591,0.9773882357189443,0.9716126844873622,0.9654508484793933,0.9590757905760778,0.952668059196211,0.9464111999541069,0.940489543492605,0.935087617258268,0.9303898687005558,0.9265803934145118,0.923842552761567,0.922358312615502,0.9223055999066168,0.9233094210228951,0.9244771589931642,0.9249105959006972,0.9237106483057579,0.9199780644081144,0.9128138234309425,0.9013202351347966,0.8866582295793983,0.8700136359290043,0.8525734939606576,0.8355250621182801,0.8200553929649523,0.8073504477639674,0.7985874255493819,0.7933187495278746,0.791093912514704,0.7914614348024781,0.7939691104139701,0.7981639568613861,0.8035920901086809,0.8097990407165461,0.8163301602966051,0.8227309711335496,0.8285478521249344,0.8333313067572902,0.8370104575018786,0.8395432138449456,0.8408960808486798,0.8410462869118247,0.8399963972127102,0.837761942079345,0.8343683548312453,0.8298948139824734,0.8245302403139968,0.8184853193252206,0.8119763509186013,0.8052220118085193,0.7984419796103566,0.7918563895344068,0.7856854878445029,0.7801493065810552,0.7754670633409145,0.7718533831029876,0.7690547012688358,0.7668132619165902,0.7648705181289424,0.7629677861350291,0.7608466712831919,0.7582506159936123,0.754952411928318,0.7510823476312081,0.7467740941969503,0.7421627818256431,0.7373844879719735,0.732575818439172,0.727873543865655,0.7234142726647008,0.7193339111508447,0.7157649614259999,0.7125747680453142,0.7096209280728537,0.7067595262030385,0.7038461521189044,0.7007362933934176,0.6972856916888319,0.6933511340390415,0.6887939762864989,0.6836934697484606,0.678155727485491,0.672297784584631,0.6662424746057999,0.6601179115675593,0.6540573230881337,0.6481963993298379,0.6426719262879207,0.6376212587302791,0.6331820263430918,0.6294919268823842,0.6266885013639448,0.6249086935576349,0.6242878378335818,0.6249544456781208,0.6266904057468605,0.6292300910957604,0.6323008373341221,0.635628008456048,0.6389365361037792,0.6419514024029362,0.6443981613060382,0.6460056201840166,0.6468161238220173,0.6468742693497314,0.6462250839422412,0.6449135609828952,0.642984153046554,0.6404786832735968,0.6374291717069595,0.633864589412192,0.629813203088564,0.6253031228805154,0.6203626252753486,0.615020639922714,0.6093088522733915,0.6033875153946442,0.5974202372946488,0.5915710432045351,0.5860038352834187,0.5808812718323091,0.5762266529260289,0.5720247252928459,0.5682576830451088,0.5649067247662682,0.5619524918163785,0.5593752042190281,0.557154692445448,0.5552703282973164,0.5537009233101049,0.5524246189934012,0.5514190361401111,0.5506616410955782,0.5501300889837084,0.5498030459176851,0.5496661295495835,0.5497400641194583,0.5500485636617898,0.5506159535292476,0.5514666053389388,0.5526244594799654,0.5541112392863601,0.5554734389505598,0.5562070397811135,0.5558065457562318,0.553766189520302,0.5495803466227953,0.5427441824071803,0.5327555288002394,0.5202487790532375,0.5058987751660304,0.4903848831226697,0.47438759055150714,0.4585877358267828,0.4436661590875305,0.43030338281011377,0.4191787233239729,0.4109472228118686,0.40528751176824146,0.4018763126726892,0.4003896358501632,0.40050302775217983,0.4018916636007352,0.4042304803543469,0.40719434811107974,0.4104582135976087,0.413697253420486,0.4165870538652054
1.0046981694201973,1.0037749581501874,1.0028921719120836,1.0018907859633006,1.0006125219451756,0.9989013935629352,0.9966202124011727,0.9939694472195975,0.9911644678985149,0.9884293290444701,0.9859904836005478,0.9840749147140898,0.982909541703158,0.9827205864856511,0.9837317962297412,0.9861547667713273,0.989363824066793,0.9927274587761155,0.9956131889009627,0.9973884595428748,0.9974213111315344,0.9950828787040811,0.989858704571807,0.9822988977070289,0.9729569756963607,0.9623873524161299,0.9511448004641638,0.9397842714295362,0.9288608004956617,0.918929345455999,0.9105445073720084,0.9042601946461309,0.9006293676101484,0.9002034533973822,0.9035307760285542,0.9111526773292398,0.9223096283344658,0.9355920627727294,0.9495868760525198,0.9628800391616892,0.974057355329005,0.9817050760194109,0.984411803077206,0.9823972261281815,0.9763868382207014,0.9671085025940098,0.9552910292438791,0.9416638532056312,0.9269569500506428,0.9119008189757974,0.8972263845960677,0.8836648441474534,0.8719474422686495,0.862805244041099,0.8569686888538057,0.8551657784446276,0.8563156822929315,0.8593291299490653,0.8631161463195353,0.8665868894862323,0.8686527760649119,0.8682334137560913,0.8656323377434505,0.8611568645104378,0.8551150354580482,0.8478149305525154,0.8395640762019994,0.8306675558781517,0.8213765153367787,0.8118520251390828,0.8022470722398375,0.7927122489161498,0.7833973061374762,0.7744516767591402,0.7660247904773355,0.7582663699613538,0.751326717647387,0.74535678856455,0.7405080128151049,0.7369319315384211,0.7347797728807437,0.7342016553234879,0.7353430431912724,0.7380113816988335,0.7419563597611373,0.746922490799881,0.7526510834841288,0.7588807535541939,0.7653480130505816,0.7717879893500963,0.7779350192266871,0.783523085426058,0.7882862206313768,0.7919589773836527,0.7942774642650666,0.7949848659807711,0.7938542736748052,0.7909062907338801,0.7861958130165635,0.7797970203175979,0.7717939180764166,0.7622887513689658,0.7516405570197616,0.7402140652292318,0.7283757928676274,0.7164933971629652,0.7049356207095462,0.6940725148954431,0.6842759658074148,0.6759204001632202,0.669382015329236,0.6650376507381395,0.663264215834958,0.6644382469221897,0.6689345196357692,0.6757695162123863,0.6837395596355634,0.6916378153079253,0.6982568930359295,0.7023894989496867,0.7028291948579167,0.6983736055512777,0.6903164787314824,0.6799592274331177,0.6686043926290521,0.657554688036415,0.6481124206374481,0.6415775530184772,0.6373536752054068,0.6348296452082203,0.6333927049327998,0.6324297859767236,0.6313281222175733,0.6294771503418,0.6269709184369152,0.6239673397618358,0.6206264648674001,0.6171088781846861,0.6135751121667256,0.6101849228008048,0.6070940768457662,0.604401746507875,0.6021947901683954,0.6005573367890957,0.5995722593009716,0.5993216984020591,0.5998872206146171,0.6013496736772675,0.6037884020350766,0.607276893072491,0.6109883079195748,0.6140915053124225,0.6157547510567793,0.6151463716920771,0.6114354406359597,0.6037943731309273,0.5931369840631162,0.5804342673472241,0.5666624133970304,0.5527994947627739,0.5398245700601415,0.5287171518972417,0.5204567813215186,0.5160225128195249,0.5163909042355922,0.5196337886388009,0.5238162002295104,0.5270022984255754,0.5272561815089476,0.5226425439495337,0.5112289888836368,0.4950544673828075,0.4761695796843937,0.45662671739665717,0.43847877465768725,0.4237786119239165,0.41457849304536454,0.41292805062994403,0.4195737270222925,0.4321605082532796,0.4483306892505593,0.46572592480317676,0.4819878808948914,0.49475893724217807,0.5016849681567914,0.5018078134713363,0.49662220471814084,0.48762534441363614,0.47631511602826637,0.46418950623806204,0.4527461317441136,0.4434813013134753,0.43788594230302574,0.4349665129344979,0.43372166899866493,0.43314900337065654,0.4322460104080837,0.4300106459195473,0.42544269314264016
0.977617732398548,0.9766188333467702,0.9755722350523244,0.9744784591116955,0.9733380271224303,0.9721514606831387,0.9709192813947336,0.9696420108596708,0.9683201706829068,0.9669542824719253,0.9655448678375776,0.9640924483938069,0.9625975457588711,0.9610606815555288,0.9594823774119356,0.9578631549628596,0.9562035358485121,0.9545040417179355,0.9527651942271538,0.9509875150414651,0.9491715258358202,0.947317748295577,0.9454267041175852,0.9434989150095527,0.9415349026924245,0.9395351889001347,0.9375002953778018,0.9354307438877439,0.9333270562014091,0.9311897541098757,0.9290193594165885,0.9268163939400151,0.9245813795196985,0.9223148380071567,0.9200172912736708,0.917689261204553,0.9153312697083649,0.9129438387103698,0.9105274901536274,0.908082746003289,0.9056101282465968,0.9031101588914658,0.9005833599708822,0.8980302535396585,0.8954513616808961,0.8928472065020212,0.8902183101390588,0.8875651947570145,0.8848883825499663,0.8821883957444399,0.8794657565961388,0.8767209873997333,0.8739546104825852,0.8711671482045548,0.8683591229678885,0.8655310572120472,0.8626834734150693,0.8598168940988171,0.8569318418226056,0.8540288391930274,0.8511084088545777,0.8481710735020849,0.845217355868226,0.8422477787318494,0.8392628649161014,0.8362631372837447,0.8332491187457801,0.8302213322453209,0.8271803007714803,0.8241265473456743,0.8210605950279384,0.8179829669088836,0.8148941861109716,0.8117947757798698,0.8086852590905038,0.8055661592319898,0.8024379994125352,0.7993013028547076,0.7961565927878891,0.7930043924485073,0.7898452250734018,0.7866796138969692,0.7835080821453896,0.7803311530329415,0.7771493497570909,0.7739631954923928,0.7707732133835187,0.7675799265471578,0.764383858049948,0.7611855309207682,0.7579854681254888,0.7547841925716892,0.7515822270863192,0.7483800944213578,0.7451783172187021,0.7419774180186173,0.7387779192356427,0.735580343118185,0.7323852117594238,0.7291930470390827,0.7260043705994168,0.7228197038117175,0.7196395676769296,0.7164644828110935,0.7132949692870738,0.7101315465046804,0.7069747329763695,0.703825045932966,0.70068300071302,0.697549109432145,0.6944238777623731,0.691307793124638,0.6882010640376126,0.6851034382086038,0.6820146346646286,0.6789343616499635,0.6758623217019606,0.6727982137482801,0.6697417342360866,0.6666925777704052,0.6636504375233594,0.6606150055330455,0.6575859728925791,0.654563029898076,0.6515458661847674,0.6485341707895214,0.6455276322258091,0.6425259385677404,0.6395287774694756,0.6365358362206066,0.6335468017772229,0.6305613607951284,0.6275791996491985,0.6246000044655582,0.6216234611323456,0.6186492553226236,0.6156770725193983,0.6127065980002964,0.609737516888698,0.606769514133141,0.6038022745348403,0.6008354827445654,0.5978688232933022,0.5949019805597613,0.5919346388160551,0.5889664822118732,0.5859971947873225,0.5830264604687181,0.5800539630876309,0.5770793863771184,0.5741024139685451,0.5711227294085045,0.568140016153451,0.5651539575728115,0.5621642369494237,0.5591705374965946,0.5561725423340258,0.5531699345172368,0.5501623970167022,0.5471496127381911,0.5441312645089561,0.541107035091719,0.5380766071810005,0.5350396633998352,0.5319958863177411,0.5289449584304715,0.5258865621820227,0.5228203799495823,0.5197460940621508,0.5166633867873972,0.51357194034451,0.5104714368945458,0.5073615585592135,0.5042419874042764,0.5011124054551568,0.4979724946935856,0.49482193705564465,0.49166041444440856,0.4884876087184436,0.48530320170688573,0.4821068751989275,0.4788983109560844,0.47567719070736,0.4724431961567818,0.46919600897902414,0.4659353108271306,0.4626607833310814,0.4593721081009834,0.4560689667267158,0.45275104078466044,0.44941801183510455,0.44606956142480214,0.44270537108926655,0.43932512235368015,0.4359284967340877,0.43251517573961445,0.42908484087197274,0.42563717362858156,0.42217185550150954
0.9826708748768211,0.9869172446148998,0.989600803856787,0.9897903368653109,0.9878875233042637,0.9842948389171011,0.979414896264086,0.9736503017861338,0.967403511396433,0.9610763558989066,0.9547939975962092,0.948679454571625,0.9428555416375375,0.9374450546940634,0.9325709051944886,0.9283563368885762,0.9249253173139327,0.9224025502320551,0.920913002978937,0.9205817039083978,0.92153360498398,0.9238932365956436,0.9273903109947417,0.9317521666648798,0.9367059063731021,0.9419785637944427,0.9472971594024353,0.9523887234734689,0.9569803138941111,0.9607990331778299,0.9635720604095978,0.965026719489227,0.9648906010596972,0.9628918704321672,0.9587607781784708,0.9530240051479527,0.9463076925609022,0.939244969002045,0.9324700732279608,0.9266175752467304,0.9223221661507216,0.9202185308877565,0.9209411899046887,0.9251238416481677,0.931785045281175,0.9399425486326217,0.9486139301397575,0.9568167506397772,0.9635686739233505,0.9678876790535542,0.9687927096727749,0.9660300641474534,0.9601562177998557,0.9517281499800243,0.9413029706503456,0.9294378129643925,0.9166897640482905,0.9036158141667257,0.8907728073372384,0.8787173649736607,0.8680057523380118,0.8591932006480815,0.8520088633703392,0.8461788958315801,0.8414285154129779,0.837482365931583,0.8340648024127622,0.8309000711231562,0.8277124300042851,0.8242263153314634,0.8201672175927935,0.8156213620515516,0.8106780497475555,0.8054278049202492,0.7999622481468963,0.7943748061552017,0.788761846992538,0.7832322476199485,0.7784086393636035,0.774916881231406,0.7733835496117872,0.7744354233730071,0.7786993133308635,0.7868019336610013,0.799369527374507,0.8147964844935484,0.8311834158233975,0.846630467356739,0.859237633225818,0.8671048803512895,0.8683322567139246,0.8610201414122101,0.8432714667350185,0.8184429668203681,0.7898919704848311,0.7609759412693753,0.7350523373840465,0.7154784778663401,0.7056111527110127,0.7032035735693887,0.7060076929479926,0.7117752886137841,0.7182581512875067,0.7232083296524177,0.7243822761352684,0.7228097754321452,0.7195210948363016,0.7155466149793831,0.7119166891804358,0.7096614351339887,0.7098098134066618,0.7119556526423436,0.7156167860899432,0.720306496654822,0.7255375434512414,0.7308225334854135,0.7356740420641864,0.7396046908914672,0.7421272257476482,0.7427546100340552,0.7410001967202249,0.7363781250282905,0.728411216348891,0.7179398610668468,0.7058053948345839,0.6928494948121603,0.6799140472381259,0.667841067329187,0.6574726032351971,0.6496506293795242,0.6452168369584282,0.6450115449578818,0.6475138646212043,0.6512020501210217,0.654554176386586,0.6560482959717155,0.6541625714736229,0.6473756218767993,0.6341731482579358,0.6160934292058998,0.5946752720748836,0.5714576574122893,0.5479796141165937,0.5257801472140249,0.5063981742980556,0.49137247538762485,0.4822416163584797,0.4805437044796033,0.4878144204389005,0.5018783193796819,0.5205592433519006,0.5416808273909239,0.5630666334225547,0.5825402379046999,0.5979253200034377,0.6070457878309893,0.607726199687513,0.6005905553284799,0.5875135248382107,0.5703702773354881,0.5510360792841792,0.5313861482877777,0.5132953935914636,0.4986361119693181,0.4870978079605141,0.4783686443541122,0.4721363731565454,0.4680885518331775,0.4659126406569965,0.465296083382851,0.46592639947213577,0.4674913972415612,0.4696804145170621,0.4723384788907423,0.47531900998518944,0.47847589360030135,0.48166312680864354,0.48473471126227585,0.48754458704416614,0.4899465852794711,0.4917943388675151,0.49294098695367644,0.4932377527727754,0.4925338722190393,0.4906782016490409,0.4875195050457578,0.48290657292976463,0.4766883684577403,0.46871444362017656,0.45884277366029597,0.4475506438262328,0.4353163891922043,0.4226186599049437,0.40993625595069283,0.39774804553664567,0.38653290762718107,0.37676966306948245,0.36893694330391663,0.36351269201299796
0.975822938687272,0.9761254459401925,0.9762840898425396,0.9763020268939724,0.9761824135961601,0.9759284064523279,0.9755431619671386,0.9750298366465371,0.9743915869968323,0.9736315695234368,0.9727529407285429,0.9717588571086714,0.9706524751514035,0.9694369513315507,0.9681154421057534,0.9666911039063681,0.9651670931345747,0.9635465661519791,0.9618326792707577,0.9600285887434605,0.9581374507509128,0.9561624213915152,0.9541066566656413,0.9519733124621745,0.9497655445403921,0.9474865085162527,0.9451393598364,0.9427272537651886,0.9402533453502111,0.9377207894073573,0.9351327404813705,0.9324923528165376,0.9298027803132218,0.927067176492152,0.9242886944349992,0.9214704867270951,0.9186157053968941,0.9157275018312017,0.9128090266788887,0.9098634297527257,0.906893859890987,0.9039034648022817,0.9008953908887876,0.8978727830172292,0.8948387842570309,0.8917965355566276,0.8887491753528839,0.8856998390987487,0.8826516586655189,0.8796077616146017,0.8765712702243615,0.8735453002638756,0.8705329592889492,0.8675373442485751,0.8645615379690148,0.8616086035528274,0.858681574516178,0.8557834333079131,0.8529170400793431,0.8500818781158861,0.847277001261293,0.8445013857679338,0.8417539719647591,0.8390336785126981,0.8363394095468202,0.8336700588692852,0.8310245126315952,0.8284016511576193,0.825800350220576,0.8232194819767099,0.8206579156524563,0.818114518079702,0.8155881540971496,0.8130776868916666,0.810581978245166,0.8080998887630555,0.8056302780501539,0.8031720048610616,0.8007239272317663,0.7982849025900419,0.7958537878483776,0.7934294394876305,0.7910107136337742,0.7885964661163389,0.7861855525303478,0.7837768282870037,0.7813691486613805,0.7789613688388939,0.7765523439593855,0.7741409291588073,0.7717259796135559,0.7693063505856768,0.7668808974668331,0.76444847583327,0.762007941498982,0.7595581505759302,0.7570979595532649,0.7546262253677911,0.7521418055059086,0.7496435581243367,0.7471303421662522,0.7446010175433705,0.7420544453201646,0.7394894879733972,0.7369050096936114,0.734299876777822,0.7316729581347494,0.7290231259396551,0.7263492564767974,0.7236502312889502,0.7209249387364842,0.7181722762116947,0.7153911534387362,0.7125804975832698,0.7097392617915461,0.706866440409262,0.7039610997490495,0.7010225001867794,0.6980506576762872,0.6950456849272091,0.6920077444981183,0.6889370290635256,0.6858337509969222,0.682698136317353,0.6795304209211566,0.6763308481215876,0.6730996669365436,0.6698371309064904,0.666543497192771,0.6632190259435469,0.6598639797773946,0.6564786234021912,0.6530632232947655,0.6496180474524588,0.6461433651880591,0.642639446957882,0.6391065642228156,0.6355449893284263,0.6319549954036943,0.6283368562827667,0.624690846419963,0.6210172408371475,0.6173163150646566,0.613588345088329,0.6098336073153667,0.6060523785240971,0.6022449358375719,0.5984115566853023,0.5945525187752292,0.5906681000638192,0.5867585787326859,0.5828242331603646,0.5788653419014467,0.5748821836644339,0.5708750372905705,0.5668441817353026,0.5627898960515201,0.5587124593731237,0.5546121509014312,0.5504892498919058,0.5463440356435215,0.5421767874882462,0.5379877847831778,0.5337773069040919,0.5295456332391448,0.5252930431849349,0.521019816143125,0.5167262315190584,0.5124125687201816,0.5080791071565504,0.5037261262412824,0.499353905391561,0.4949627240302783,0.49055286158823563,0.4861245975059115,0.48167821123647075,0.47721398224770867,0.4727321900249146,0.46823311407389023,0.4637170339233835,0.4591842291278494,0.4546349792706926,0.45006956396713294,0.44548826286654464,0.4408913556547923,0.4362791220558995,0.4316518418335358,0.42700979479004175,0.42235326076907675,0.4176825196527595,0.4129978513616893,0.40829953585315976,0.40358785311879103,0.3988630831818446,0.3941255060942447,0.38937540193315,0.3846130507974914,0.379838732804593,0.3750527280870359
1.0310190641699177,1.028539186485433,1.0260547452115638,1.0235656993386548,1.0210720078571414,1.018573629757206,1.0160705240298689,1.0135626496644978,1.0110499656525227,1.0085324309835468,1.006010004648041,1.0034826456374637,1.0009503129411819,0.9984129655493983,0.9958705624528819,0.9933230626418978,0.9907704251069761,0.9882126088391001,0.9856495728268342,0.983081276062711,0.9805076775342179,0.977928736236282,0.9753444111534807,0.972754661280824,0.9701594456058504,0.9675587231210074,0.9649524528142763,0.962340593677189,0.9597231047001227,0.9570999448743347,0.9544710731851886,0.951836448629414,0.9491960301940985,0.9465497768683743,0.9438976476424265,0.9412396015091337,0.9385755974582272,0.935905594475944,0.933229551555053,0.9305474276879089,0.9278591818575419,0.9251647730642282,0.9224641602897732,0.9197573025247019,0.9170441587602352,0.9143246879919452,0.9115988492004803,0.9088666013801799,0.9061279035243435,0.9033827146123619,0.9006309936452693,0.8978726996105607,0.8951077914892398,0.8923362282820128,0.8895579689742747,0.8867729725555946,0.8839811980119232,0.8811826043399056,0.8783771505266511,0.875564795560336,0.8727454984291021,0.8699192181253241,0.8670859136423493,0.8642455439617865,0.8613980680757651,0.8585434449761048,0.8556816336516815,0.852812593090786,0.8499362822816501,0.8470526602153354,0.8441616858831832,0.841263318268676,0.8383575163690352,0.8354442391678345,0.8325234456548883,0.8295950948226292,0.8266591456564709,0.8237155571491157,0.8207642882865608,0.8178052980610196,0.814838545457909,0.8118639894711506,0.8088815890857646,0.8058913032933965,0.8028930910805966,0.7998869114387213,0.7968727233526501,0.7938504858207055,0.7908201578197865,0.787781698343626,0.7847350663878085,0.7816802209324103,0.7786171209676669,0.7755457254860593,0.7724659934677645,0.7693778839154606,0.7662813558034849,0.7631763681342472,0.7600628798829745,0.756940850043928,0.753810237609827,0.7506710015551541,0.7475231008862244,0.7443664945770836,0.7412011416264352,0.7380270010143005,0.7348440317360183,0.7316521927720028,0.7284514431189519,0.7252417417546394,0.7220230476722922,0.718795319868107,0.7155585173140209,0.7123125990049535,0.7090575239354935,0.7057932510818721,0.7025197394448097,0.6992369479975851,0.6959448357274812,0.6926433616417451,0.6893324847083706,0.6860121639195553,0.6826823582698558,0.6793430267414877,0.6759941283108732,0.6726356219878885,0.6692674667390245,0.6658896215641357,0.6625020454449138,0.6591046973630312,0.6556975363159437,0.652280521292566,0.6488536112664307,0.6454167652320797,0.6419699421723459,0.6385131010865066,0.6350462009411668,0.6315692007444464,0.6280820594587356,0.624584736098138,0.6210771896284265,0.6175593790384717,0.6140312633214846,0.6104928014664892,0.6069439524499765,0.6033846752614612,0.5998149288910413,0.5962346723217928,0.5926438645413781,0.5890424645362384,0.5854304312862952,0.581807723789676,0.5781743010222551,0.5745301219717404,0.5708751456271277,0.5672093309736932,0.5635326369970328,0.5598450226842815,0.5561464470177351,0.5524368689845022,0.5487162475729237,0.5449845417656962,0.5412417105518961,0.5374877129149311,0.5337225078421596,0.529946054317786,0.5261583113276025,0.5223592378603701,0.5185487928955254,0.5147269354257904,0.5108936244327771,0.5070488189019089,0.5031924778213783,0.49932456017288707,0.4954450249471848,0.49155383112624124,0.48765093769737156,0.48373630364374837,0.4798098879549273,0.4758716496128589,0.47192154760461913,0.4679595409163454,0.4639855885324928,0.4599996494390556,0.4560016826221675,0.45199164706649286,0.44796950175814,0.443935205682633,0.43988871782548844,0.4358299971721308,0.4317590027082721,0.42767569341928474,0.4235800282910559,0.4194719663088226,0.41535146645824494,0.41121848772499636,0.407072989094438,0.40291492955225283,0.39874426808391755
0.9946745986822569,0.9929777190882878,0.9912559922423363,0.9895096009962763,0.9877387282059071,0.9859435567291045,0.9841242694230057,0.9822810491426095,0.9804140787433585,0.9785235410813669,0.9766096190116531,0.9746724953860982,0.9727123530555332,0.9707293748733188,0.9687237436947334,0.966695642373596,0.964645253760885,0.9625727607045904,0.960478346051664,0.9583621926497033,0.9562244833461682,0.9540654009850822,0.9518851284084542,0.949683848457845,0.9474617439663784,0.9452189977682696,0.9429557926984502,0.9406723115938165,0.9383687372927122,0.9360452526303459,0.9337020404482814,0.9313392835963559,0.9289571649244281,0.9265558672886041,0.9241355735481513,0.9216964665719626,0.9192387292383816,0.9167625444131178,0.9142680949936359,0.9117555638615329,0.9092251339096037,0.9066769880367354,0.9041113091556576,0.9015282801868707,0.8989280840648302,0.8963109037234127,0.8936769221089913,0.891026322158271,0.8883592868304983,0.8856759990932295,0.8829766419200651,0.8802613982992665,0.877530451220366,0.8747839836901213,0.8720221787206165,0.869245219327664,0.866453288550749,0.8636465694135392,0.860825244998812,0.8579894983659867,0.8551395126122379,0.8522754708656946,0.8493975562313208,0.8465059518602577,0.8436008409194374,0.8406824065633225,0.837750831974763,0.834806300371948,0.8318489949328386,0.8288790989066354,0.8258967955097495,0.8229022680357401,0.8198956997322866,0.8168772739156208,0.813847173907365,0.8108055830447284,0.8077526846925032,0.8046886622184216,0.8016136990338362,0.7985279785626573,0.7954316842315675,0.7923249995180379,0.7892081078724192,0.7860811927974916,0.7829444378367603,0.7797980265138539,0.7766421423917349,0.7734769690923066,0.7703026902125143,0.7671194894150688,0.7639275503633546,0.760727056758966,0.7575181923172051,0.7543011407954103,0.7510760859319533,0.747843211537419,0.7446027014125842,0.7413547394015806,0.7380995093514686,0.734837195158762,0.7315679807140806,0.7282920499489943,0.7250095867937412,0.7217207752438272,0.7184257992516067,0.7151248428423559,0.7118180900331751,0.7085057248723298,0.7051879314198758,0.7018648937564005,0.6985367959855941,0.6952038222135923,0.6918661565908099,0.6885239832449885,0.685177486353096,0.6818268500755541,0.6784722586119415,0.6751138961488286,0.6717519469060658,0.6683865950966027,0.6650180249718963,0.6616464207684207,0.6582719667379914,0.6548948471495275,0.6515152462738708,0.6481333484201236,0.6447493378692402,0.6413633989388767,0.6379757159470109,0.6345864732220767,0.6311958551195688,0.6278040459871544,0.6244112301816908,0.621017592087072,0.6176233160763556,0.6142285865412889,0.6108335878721914,0.6074385044794639,0.6040435207581666,0.6006488211295905,0.5972545900129687,0.5938610118277834,0.5904682710065515,0.5870765519786222,0.5836860391873558,0.5802969170702998,0.5769093700788384,0.5735235826677227,0.570139739298859,0.5667580244415109,0.5633786225619728,0.560001718129345,0.5566274956184186,0.5532561394982402,0.5498878342473934,0.5465227643435471,0.5431611142617513,0.5398030684810351,0.5364488114803565,0.5330985277414996,0.529752401746555,0.5264106179782295,0.5230733609182492,0.5197408150455707,0.5164131648344475,0.5130905947633341,0.5097732893063882,0.5064614329375776,0.503155210132133,0.49985480536316573,0.4965604031007773,0.49327218781519133,0.48999034397415964,0.4867150560463867,0.48344650850200577,0.4801848858080706,0.4769303724314538,0.47368315283833606,0.4704434114957345,0.46721133287096284,0.46398710143253186,0.46077090164801165,0.4575629179828882,0.4543633348994063,0.45117233686459257,0.44799010833802067,0.4448168337834267,0.44165269766565185,0.43849788444882337,0.43535257859705057,0.43221696457768055,0.42909122685132606,0.4259755498890289,0.42287011815604403,0.41977511612461593,0.4166907282644233,0.4136171390444864,0.41055453293298094,0.4075030943953949
1.0069822659908092,1.000923446116242,0.9957299362712924,0.991764558117725,0.9889292059547774,0.9870372899463858,0.985897726133222,0.9853178473953368,0.9851042616061016,0.9850631827648579,0.9850006073512232,0.9847224302922836,0.9840345223105791,0.9827427996605507,0.9806533147711247,0.9775724286110135,0.9733074246101243,0.9676747531917136,0.9610561923650629,0.9538348466060246,0.9463941420912434,0.9391176079871164,0.9323887714068143,0.9265910541080322,0.9221075891313055,0.9193207150802166,0.9186089220034758,0.9196517128376254,0.9221266757235214,0.9257108914894975,0.9300812558342929,0.9349146039248494,0.9398877944613503,0.9446778074570568,0.9489619159046372,0.9524180997161337,0.9547263189868741,0.9555725341761447,0.9546563915032935,0.9521368356980593,0.9481797623606512,0.9429524658097512,0.9366227953705739,0.9293588782020756,0.9213289897814119,0.9127014874317388,0.9036447697859362,0.8943272561106969,0.8849173759623028,0.8755835597196846,0.8664942243828333,0.8578177481140391,0.8497224381442487,0.8423764814235863,0.8359478618815903,0.830604190353674,0.8265122207157813,0.8238352829096974,0.8223569272109575,0.8218570380528772,0.822114647438763,0.8229084579473195,0.824017031963201,0.825218888936841,0.8262925847803555,0.8270168086817362,0.8271705652924849,0.8265336560637252,0.8248883849023674,0.8221488379490054,0.818473146765446,0.8140212523274628,0.8089536185684981,0.8034309251597319,0.7976139376320864,0.7916634233851848,0.7857400627871303,0.7800043024119067,0.7746159979654749,0.7697331898047938,0.765503617729825,0.7618568434423973,0.7587187864529558,0.7560142557031073,0.7536676093553514,0.7516030112956372,0.7497445567111376,0.74801636064611,0.7463426671419535,0.7446480865434539,0.7428584014858328,0.7409062134429615,0.7388153124903215,0.7366123310050622,0.7343246305074403,0.7319798748575592,0.7296058730090451,0.727230495286546,0.7248816100152496,0.722587009864957,0.7203742969415716,0.7182706264019388,0.7163019063293983,0.7144894711676227,0.7128374812725486,0.71133999484197,0.7099872674098441,0.7087678807113382,0.7076695460708855,0.7066794730178668,0.7057845684285072,0.7049715296663154,0.7042268858579354,0.7035370063506885,0.7028880696576969,0.7022659671094309,0.7016560582256545,0.7010424002070526,0.7004040016039392,0.6996870942482368,0.6988340420438867,0.6977859343772675,0.6964833484996399,0.6948666285660126,0.6928760268053448,0.6904517956049393,0.6875342849428419,0.684064117180866,0.67998264930949,0.6752338597891441,0.6699204392006103,0.6641553078945349,0.6580545613259218,0.6517361306233003,0.6453189840266159,0.6389226248166682,0.6326668419754263,0.6266715851470517,0.621056887792401,0.6159428093480288,0.6114493866014709,0.6076965895181883,0.6048042641893376,0.6028920460721076,0.6020792011301115,0.6024842105680148,0.6042231532880376,0.6072781594361405,0.6112825320516698,0.6158650825675205,0.6206529119245973,0.6252723379131273,0.6293492712902199,0.6325094019089155,0.6343783123846511,0.6345815572383364,0.6327447319963466,0.6284935674917637,0.6214541412946184,0.6112536947884601,0.5985066333557918,0.5838976777970318,0.56811284351189,0.5518384837408886,0.5357610698337241,0.5205670888769267,0.5069429500506372,0.49557483429812976,0.48714836764103103,0.48234748935162497,0.48068352596461517,0.4816517169517959,0.4847460829512765,0.48946027252493823,0.4952877973826725,0.5017221432297224,0.5082568624552835,0.5143856959769922,0.5196027507026562,0.5234028152321413,0.5252820118374287,0.5247400811287364,0.5215240148894077,0.5160028909401804,0.5085499513491808,0.4995398414379502,0.4893479578989829,0.47835021963824975,0.46692294197927847,0.45544270489599037,0.44428622405897555,0.43383025794259744,0.42445153083348497,0.4165266477022537,0.4104319667216098,0.4065433712056249,0.405235826740314,0.4068821936028516,0.4118449352466133
0.9689356369014446,0.9690583710475124,0.9691193480602995,0.9691190701957111,0.9690580397096296,0.9689367588578599,0.9687557298964022,0.9685154550811843,0.9682164366677665,0.9678591769125177,0.9674441780708696,0.9669719423988932,0.9664429721532188,0.9658577695883068,0.965216836961039,0.9645206765264214,0.9637697905415864,0.9629646812620831,0.9621058509429149,0.9611938018408404,0.9602290362109793,0.9592120563101738,0.9581433643939908,0.9570234627180756,0.9558528535374462,0.954632039110975,0.9533615216906761,0.9520418035353826,0.9506733868998629,0.9492567740404781,0.9477924672101318,0.9462809686702638,0.9447227806725863,0.9431184054758519,0.9414683453315726,0.9397731025003018,0.9380331792354706,0.9362490777932266,0.9344213004304796,0.932550349401831,0.9306367269639435,0.9286809353724372,0.9266834768835315,0.9246448537526951,0.9225655682363718,0.9204461225899121,0.9182870190693948,0.916088759930592,0.9138518474297737,0.9115767838234266,0.909264071364025,0.9069142123124341,0.9045277089232128,0.9021050634483805,0.8996467781470837,0.8971533552779158,0.894625297088993,0.8920631058448188,0.8894672837961966,0.886838333199403,0.8841767563147015,0.8814830553880084,0.8787577326855426,0.8760012904593008,0.8732142309635957,0.8703970564577566,0.8675502691907047,0.864674371431728,0.8617698654231243,0.8588372534267431,0.8558770376985074,0.8528897204933499,0.849875804061324,0.8468357906828601,0.8437701825710956,0.8406794820235014,0.8375641912731958,0.8344248125752461,0.8312618481972571,0.8280758003861383,0.8248671714064136,0.8216364635058606,0.8183841789409648,0.8151108199741245,0.811816888851649,0.8085028878316928,0.8051693191813569,0.8018166851455014,0.7984454879849963,0.7950562299446018,0.7916494132913049,0.788225540274895,0.7847851131614559,0.7813286342043496,0.7778566056485845,0.7743695297488785,0.7708679087757943,0.7673522449761971,0.7638230406153219,0.7602807979291926,0.7567260191833106,0.7531592066490896,0.7495808625552329,0.7459914891827593,0.7423915887690311,0.7387816635765014,0.735162215855413,0.731533747883161,0.7278967618865599,0.7242517601403583,0.7205992448932821,0.7169397184008083,0.7132736829105232,0.7096016407038795,0.7059240940140399,0.7022415450961711,0.6985544962265904,0.6948634496305824,0.6911689075986227,0.687471372350694,0.6837713461715695,0.6800693313050936,0.6763658300021074,0.6726613445292737,0.6689563771325268,0.6652514300751406,0.6615470056073904,0.6578436059882572,0.6541417334699913,0.6504418903119542,0.646744578769668,0.6430503010958113,0.6393595595508024,0.635672856386298,0.6319906938585814,0.6283135742240723,0.6246419997371293,0.6209764726586202,0.6173174952377565,0.6136655697300881,0.6100211984000801,0.6063848834932383,0.6027571272687394,0.599138431986286,0.5955292998945216,0.5919302332543874,0.5883417343229929,0.5847643053501086,0.5811984485919239,0.5776446663099644,0.5741034607562623,0.5705753341845557,0.5670607888549536,0.563560327020276,0.5600744509344305,0.5566036628594074,0.5531484650437768,0.5497093597477765,0.5462868492257326,0.5428814357322841,0.5394936215248919,0.5361239088582728,0.5327727999881259,0.529440797170137,0.5261284026603895,0.5228361187141544,0.5195644475871409,0.5163138915351695,0.5130849528137679,0.5098781336787971,0.5066939363857879,0.5035328631905014,0.5003954163484808,0.49728209811568164,0.49419341074738365,0.4911298564994735,0.4880919376277153,0.48508015638772894,0.4820950150351005,0.4791370158256735,0.4762066610150082,0.4733044528586327,0.4704308936126027,0.4675864855322207,0.46477173087342194,0.4619871318917289,0.459233190842887,0.4565104099825528,0.4538192915664607,0.4511603378501611,0.4485340510894829,0.44594093353999636,0.44338148745743194,0.4408562150974308,0.4383656187157147,0.43591020056791185,0.43349046290973436,0.43110690799684837,0.4287600380849294
1.0171655484216624,1.0214136053441871,1.0247445462970073,1.027206319376019,1.0288468721185944,1.02971415111665,1.0298561015272711,1.0293206664685524,1.0281557862771917,1.0264093975983986,1.0241294322759895,1.0213638159798137,1.0181604665107087,1.0145672917363575,1.0106321870554091,1.006403032231896,1.0019276874309997,0.9972539883472694,0.9924297402631461,0.987502710586077,0.9825206193577407,0.9775311260219762,0.9725818092562415,0.9677201355120422,0.9629934057518907,0.9584486413486011,0.9541322165430794,0.9500507697421614,0.9461965244472805,0.9425611716549028,0.939136200109269,0.935912990974155,0.9328828595858205,0.9300370783066805,0.9273668902768175,0.9248635182424545,0.9225181703630952,0.9203220440646751,0.918266328656293,0.9163422071805795,0.9145408577924776,0.912853454809472,0.9112711695283457,0.9097851708594182,0.9083866258321396,0.9070667000182173,0.9058165579030208,0.9046273632218604,0.9034902792666643,0.9023964691581843,0.9013370960805208,0.9003033234713942,0.8992863151684196,0.8982772355242252,0.8972672495062325,0.8962475227997418,0.8952092219308065,0.8941435144189136,0.8930415689662965,0.8918945556864614,0.8906936463727505,0.8894300148183987,0.8880948372070122,0.886679292595878,0.8851745635342345,0.8835718368820193,0.8818623049312411,0.8800371669791451,0.8780876316167183,0.876004920186958,0.8737802723160891,0.8714049553411203,0.8688702816022329,0.8661676440501795,0.8632886077133521,0.8602253283072707,0.8569843295114253,0.8535726037920601,0.8499973269378304,0.8462657759790172,0.8423852922996322,0.8383632618252488,0.8342071028856158,0.8299242581765824,0.8255221890769218,0.8210083714824227,0.8163902926605902,0.8116754488255957,0.8068713432246555,0.8019854845844107,0.7970253858274131,0.7919985629753337,0.7869125341895266,0.7817748189187086,0.7765929371200737,0.7713744085236933,0.7661267519070085,0.7608574843584835,0.7555741205176418,0.7502841717827707,0.7449951454751003,0.7397145439422966,0.7344498635575284,0.7292085935684144,0.7239982147171133,0.7188261975515888,0.7137000001976865,0.7086270652661245,0.7036148154723003,0.6986706474006876,0.6938019223966563,0.6890159524760204,0.6843199773530156,0.6797211228760286,0.6752263138493189,0.6708420138753655,0.6665710743657849,0.6624112733885271,0.6583598073719714,0.6544136309596992,0.650569564238799,0.6468243415315431,0.6431746368918005,0.6396170794336342,0.6361482633964871,0.632764755089118,0.629463097968271,0.6262398166105302,0.6230914199819021,0.6200144041948977,0.6170052548323421,0.6140604489052621,0.6111764565053625,0.6083497422296008,0.6055767664412761,0.6028539863917505,0.6001778572213897,0.5975448328612354,0.594951366862085,0.5923939131924421,0.5898689270299349,0.5873728655906534,0.5849021890469274,0.5824533615940793,0.580022852768362,0.5776071391561406,0.5752027067062573,0.5728060539864265,0.570413697008931,0.5680221767817027,0.5656280718975838,0.5632280209085432,0.5608187662986398,0.5583972546334024,0.5559609257964774,0.5535098062309584,0.5510444829727802,0.5485657500796866,0.546074501638694,0.5435716878848192,0.5410582939906616,0.5385353286432906,0.5360038172529716,0.5334647976319646,0.5309193170812709,0.5283684303319668,0.525813198051649,0.5232546857132179,0.5206939627054032,0.5181321016174208,0.5155701776546809,0.5130092681511691,0.5104504521701527,0.5078948101790496,0.5053434237919645,0.5027973755798053,0.5002577489550771,0.4977256281393475,0.49520209821042166,0.49268824522762067,0.4901851564379463,0.48769392056554106,0.4852156281838553,0.4827513721704524,0.48030224824243406,0.4778693555689132,0.4754537974464429,0.4730566820137283,0.47067912295157677,0.468322240082101,0.4659871597756947,0.4636750151019915,0.4613869457163402,0.45912409753853906,0.45688762228561114,0.4546786769016394,0.4524984229382881,0.45034802591767886,0.4482286547048383
0.962402960561635,0.9619195177966451,0.9618326949274484,0.9621058294582099,0.9627023204552222,0.9635856602311981,0.9647194832744908,0.9660676454956814,0.9675943334606423,0.969264182135168,0.9710424103895483,0.9728949672579943,0.974788545875775,0.9766903999702741,0.9785681425451402,0.980389611737466,0.9821227810721755,0.9837357045106312,0.9851964846361029,0.9864732524618969,0.9875341543352508,0.9883473436483092,0.9888809777680025,0.9891032201595398,0.9889822472417595,0.988486259266034,0.9875834962158974,0.9862422601910164,0.9844309532091731,0.9821181551774434,0.97927283725438,0.9758652947354922,0.9719341719785597,0.967518265760396,0.9626570816839377,0.9573903702117352,0.9517579889647563,0.9457998433910048,0.9395558548057368,0.9330659373062707,0.9263699725984407,0.919507771009388,0.9125189941436294,0.9054429650362613,0.8983180915591136,0.8911805318320598,0.8840646341152287,0.8770040751209061,0.8700322551781623,0.8631824371874678,0.8564878043410888,0.8499814894053473,0.8436965926065096,0.8376661939675661,0.8319233621846396,0.826501160181131,0.821432647273414,0.8167508779961357,0.812488897750227,0.8086797342882754,0.8053563829248236,0.8025517810036598,0.8002987549660707,0.7986298741985566,0.7975768014582107,0.7971263611544396,0.7971808651197398,0.7976417637875051,0.7984102593457103,0.7993874503057807,0.8004743882214473,0.8015721071276518,0.802581645045026,0.8034040667009166,0.8039404958038867,0.8040921685714284,0.8037605310792737,0.8028474640656637,0.8012560203828742,0.7989041820896652,0.7958541615582332,0.7921693318785438,0.7879134839524377,0.7831506329116368,0.7779449381176503,0.7723606621221767,0.7664621454486651,0.760313785386117,0.7539800155308012,0.747525287477966,0.7410140546068287,0.734510754858941,0.7280797885193863,0.7217854825013178,0.7156920173930836,0.7098632313936033,0.7043618516955967,0.699187978939855,0.6943369949040161,0.6898035495745423,0.6855820035992938,0.6816665604720915,0.6780513188733276,0.6747302970482029,0.6716974449698653,0.6689466497252148,0.6664717356921105,0.6642664578717309,0.6623244840706995,0.6606393575152731,0.659204417839414,0.6580126142076659,0.6570558828057982,0.6563196941395494,0.6557775287496436,0.6554013624319919,0.6551626369945487,0.6550325315776859,0.6549820805796838,0.6549822335210151,0.6550038909860402,0.6550179288815738,0.6549952177333139,0.6549066414807888,0.654723121386503,0.6544156541489031,0.6539553906804828,0.6533138565599469,0.6524639056584428,0.6513923176711914,0.6500880951975144,0.6485407682398825,0.6467400927911586,0.6446759577943144,0.6423383467469699,0.6397173191115071,0.6368030038739346,0.6335856053558862,0.6300554250499475,0.6262029111403052,0.6220187800030659,0.6174944038339512,0.6126239780855158,0.6074573839350759,0.6020462451919952,0.5964428820600906,0.5907000157778165,0.5848706151695113,0.5790078032039093,0.573164795708076,0.5673948618033611,0.5617512968455081,0.5562874016845187,0.5510564635613644,0.5461117325561413,0.5415063819816766,0.5372934207105509,0.5335254186842922,0.5302527377097972,0.5273956107734176,0.524873073163459,0.5226038390044555,0.5205064855658026,0.5184995221198414,0.5165014268786692,0.5144306718304591,0.5122057453935013,0.5097451834133369,0.5069676257225699,0.5037919391540591,0.500137554212224,0.49592593633801374,0.4912039558430159,0.4860377373166338,0.48049522119914256,0.47464499861319703,0.46855596572990976,0.46229718649980983,0.45593782728281496,0.4495471207197967,0.44319434382722195,0.43694880275203896,0.4308798199026491,0.42505672175497655,0.41954882594323917,0.414425427138346,0.40975578014229397,0.4056090781856158,0.4020544211666067,0.3991607663544598,0.3969968403478322,0.39563096167786693,0.39513053965120043,0.39555905182697043,0.39656257628354175,0.3977857499098943,0.39887274506246395,0.3994675134544936,0.39921388108741057
1.022499783451291,1.0169940047091925,1.0119642579709975,1.0073318036075805,1.0030158003547502,0.9989348152458323,0.9950072075050208,0.9911512776569842,0.9872853944675714,0.9833281781200184,0.9791990521039516,0.9748316760802402,0.9705476675440358,0.9666703891093107,0.9635236992838377,0.9614316367797558,0.960718240148301,0.9617073155123088,0.9647213673764341,0.9690437405695468,0.973955782812377,0.9787384088174299,0.9826724454555987,0.9850388053069937,0.9851187264981389,0.9821945523728368,0.9767865968540265,0.969455356871409,0.9607622824741052,0.9512690821124897,0.9415375302880109,0.9321293258235935,0.923605901237296,0.9165279220456188,0.911453938833667,0.9081221081538585,0.9061714357193704,0.9052385337337271,0.9049595431127394,0.9049704893935346,0.9049074602983245,0.904406844557107,0.9031059882979484,0.901092324633713,0.8984553510636952,0.8952850058217192,0.8916713903262773,0.8877047309291003,0.8834754686931541,0.8790745522000905,0.8745946805172302,0.8701343439594078,0.8657979801513597,0.8616920378997823,0.8579236957191866,0.854600464134875,0.8518300050382018,0.8497200445536036,0.8483783020418493,0.8479124229361676,0.8484298890530501,0.8500378572715168,0.8528427548851268,0.8565463798337116,0.8608403907669111,0.8654153219293479,0.8699614130790675,0.8741688365759929,0.8777278401650744,0.880328872245684,0.8816627018239312,0.8814205391062478,0.8792942908327434,0.8749772301845661,0.868721057077413,0.8607795172230716,0.8514069653539444,0.8408581535078512,0.8293881502041099,0.8172523955391489,0.8047068859917965,0.79200954965373,0.7794627582524796,0.767390414920377,0.7561173367957013,0.7459685100753787,0.7372688847953947,0.7303431389664353,0.7255149667891343,0.7230520260100383,0.7225492167563774,0.7236005441187381,0.7257997274075362,0.7287404017834407,0.7320162542644855,0.7352211935481803,0.7379496805154603,0.7397979073489249,0.7408376349374447,0.741141927521564,0.7407842315492285,0.739838080031959,0.7383769196841236,0.7364738191221506,0.734200648868844,0.7316263099416559,0.7288175920508145,0.725840285683636,0.7227597942864223,0.7196413972908884,0.7165503670065362,0.7135520039378872,0.7107116603302452,0.7080946862446852,0.7057663121145457,0.7037914379594058,0.7022340121757861,0.7011547111090938,0.7002941352320537,0.6993913386872139,0.6981849737215233,0.6964135506448673,0.6938155796172081,0.6901296851197507,0.6850947444281685,0.678450126391775,0.6699362767701263,0.659296842041515,0.6472107979643864,0.6343613779235645,0.6214325833275762,0.6091086545902231,0.5980738995162584,0.5890125664776495,0.5826086751091539,0.579545607310429,0.5805042642602094,0.58442105592917,0.5902302233020318,0.5968656075677641,0.6032609377345183,0.6083499729467113,0.6110666303723777,0.6103451857356859,0.6051206425492933,0.5943307280688329,0.5795826951069156,0.5624856821283855,0.5446492601450756,0.5276831638374849,0.5131971704459202,0.502800989362242,0.49810406509413485,0.5007148798251188,0.5108725301868324,0.5264600707984822,0.5453594554068697,0.5654523213548027,0.5846202052273168,0.6007446987019742,0.6117076435052371,0.61539161979901,0.609682203730763,0.5967364171311004,0.578712987409641,0.5577710803341027,0.5360700175227823,0.5157691156052988,0.4990274831615712,0.48800323677226937,0.4847699600664602,0.48747777768293515,0.49427606706303806,0.503314053449186,0.512741002833221,0.5207064463314264,0.5253608246129584,0.5248603677020554,0.5199817962259168,0.5115077309243865,0.5002242126533882,0.4869194751745729,0.4723865649723762,0.45769051629524476,0.44389804215079964,0.43207622553950664,0.4232922409850912,0.41861318258839697,0.41910572774782484,0.42583388326100363,0.43693046661820856,0.45052690676008283,0.4647542426072998,0.4777434137119001,0.4876254209869881,0.4925315072755796,0.4905935154119712,0.4799457172762568,0.46303126862661875
1.032341153101948,1.033364547124021,1.0314138606276537,1.026882943835016,1.0202083967151618,1.0118342087701786,1.0022090099050198,0.9917845892785854,0.9810141214690561,0.970351215812229,0.960249409118681,0.9511617435440769,0.943540358558154,0.9378361030121534,0.9344977824913051,0.9339703286612056,0.936385342746338,0.94082603333528,0.9463726895865483,0.9521050495914585,0.9571029434567278,0.9604470384983043,0.9612209898159582,0.9585373890222142,0.9532993276737737,0.9464132612811345,0.938786247413058,0.9313252608641972,0.9249363720267771,0.9205204511192698,0.9179599041848474,0.916970971028469,0.9172652200097449,0.9185527853972555,0.9205433265621077,0.9229464467393793,0.9254720541987898,0.9278309115536293,0.9297354516560202,0.930901108216006,0.9310501813507979,0.9299512399974005,0.9277477696832248,0.9245997635735422,0.9206718034792953,0.9161299042092739,0.9111404673123384,0.905869716947775,0.9004828358515182,0.8951403129651356,0.8898164223651329,0.8844657146147367,0.8790409820531716,0.8734947007281493,0.8677795522665367,0.8618491699823534,0.855661429877766,0.8495597375553529,0.8438993591352769,0.839036918673438,0.8353293390093055,0.8331333873746852,0.8328050914553096,0.8346978376460789,0.8390747666948388,0.8447026702553603,0.8503461318825712,0.8547695360038553,0.8567378139082447,0.8550189391969001,0.8503278516348353,0.8433961947952097,0.8349574098644305,0.8257452554146189,0.8164932468218965,0.807933210749866,0.8005020082377425,0.794110579723509,0.7886672894766769,0.7840796836592817,0.7802549234208265,0.7770997406129818,0.7745201530538566,0.7724207041005645,0.7707039514943039,0.7692710732695898,0.7680227053998936,0.7668594604104444,0.7656823411921562,0.7643933700824346,0.7628971975312651,0.761104700539205,0.7589521997997567,0.7565573781146095,0.7540460538547875,0.751545496657905,0.749183225882778,0.7470863784643731,0.7453801726784424,0.7441784625104062,0.7433926303011391,0.7429242376981555,0.7426727465190317,0.7425370789028297,0.7424160746955335,0.7422086900360044,0.7418140275877603,0.74113128528785,0.7400596623135973,0.7384983639016836,0.7363466847066655,0.733504195434611,0.7298710094736645,0.7253481222840286,0.7198383192216916,0.7132493762976391,0.7057340556968639,0.6976523731272427,0.6893673925470526,0.6812429080986925,0.6736427254972771,0.6669299949259446,0.6614650338004063,0.6575512454262474,0.6548782912560294,0.6531323855358141,0.6519979871102174,0.6511579930164181,0.6502938234184439,0.6490859353247067,0.6472145180536586,0.6443600799435508,0.6402051100265782,0.6349888304681359,0.6289675808552191,0.6223993967113627,0.6155428009105762,0.6086562420582706,0.6019973793971728,0.5958210409839243,0.5903729466668052,0.5858782546156296,0.5823177794803658,0.5796606592945787,0.5778655295908252,0.5768628963284809,0.5765697378132171,0.5768957323898758,0.5777432003854911,0.5789940616859601,0.5802440176851855,0.5810770962360232,0.5810749439648372,0.5798187932378182,0.5768902158445659,0.5718741104169113,0.5654113679531857,0.5581465638838861,0.5507246399244732,0.5437901436006355,0.5379846050044547,0.5331103420355772,0.5289598904714755,0.5253248515348428,0.5219968228442712,0.5187684081283631,0.5154496398145479,0.5120281515602614,0.5084950690904546,0.5048423739250625,0.5010622884230291,0.4971469712354779,0.49308832359371724,0.48887782126803503,0.48450640678968243,0.479964516059742,0.4752421301917954,0.47032881082393896,0.4652137925102134,0.45988608078085036,0.45433445347922663,0.4485473103763905,0.44251232802482215,0.43621621510625863,0.42964505187414415,0.4227847570264826,0.4156215481030128,0.40814273640673215,0.4003398883199259,0.39251128777902766,0.38496331967843705,0.37800389091221326,0.37194129955539634,0.36708377987603413,0.3637389421483233,0.3622121286240263,0.3627939740329938,0.3649402035528632,0.3680972203322266
1.0104866190710424,1.0056181766051382,1.0006166880125063,0.9955394271816917,0.9904437637761345,0.9853871436905669,0.9804270618944837,0.9756210356561392,0.9710265782045211,0.9667011703508099,0.9627022231072881,0.9590870233654059,0.9559126557969021,0.9532358771534867,0.951112855078034,0.9495984503496357,0.9487426422358276,0.9484484936478486,0.9486158362252927,0.9491438059202646,0.9499313004901462,0.9508771233837351,0.9518800492813215,0.9528388700019594,0.9536524486228891,0.9542198148415277,0.9544404125626216,0.9542153099287389,0.9535838008915319,0.9525889305896531,0.9512744195409907,0.949684218695141,0.9478623717229466,0.9458529518565288,0.9437000182600621,0.94144757145587,0.9391394999959649,0.9368195127141777,0.9345310611701634,0.9323172516429952,0.930220737643707,0.9282835650577144,0.9265468673555015,0.9250494997696497,0.9237812944202592,0.9227056417857171,0.9217848553113628,0.9209808955422805,0.9202555648363675,0.919570587168023,0.9188876496835752,0.9181684298118749,0.9173746158035535,0.9164679224298975,0.9154101018620884,0.914162948817516,0.9126883024253554,0.9109480472780143,0.9089041147698721,0.9065184861844632,0.903753200163487,0.900570367676286,0.8969321996671926,0.8928010583827164,0.8881395698591663,0.88291092029729,0.8770801149232625,0.8706247149934709,0.863615548996084,0.8561252602663928,0.8482271541903059,0.8399948420109049,0.8315020907760575,0.822822746852999,0.8140306918255527,0.8051998111655206,0.7964039683289197,0.7877169802690455,0.7792125953698075,0.7709644829792036,0.7630462366563325,0.7555313870275744,0.7484934130653594,0.7420057437661218,0.736141749297561,0.730974720198136,0.7265778302164182,0.7230240740951213,0.7203861499709204,0.7187361808708208,0.7181447051154445,0.7184970742609585,0.7196516279919041,0.721465396072067,0.7237950043371283,0.7264969202856184,0.7294275500364853,0.7324432926003334,0.7354005894716513,0.7381559981630073,0.7405663202034246,0.7424887694357527,0.7437811044329186,0.7443017244159253,0.7439098938211506,0.7424666184701136,0.7400196391997228,0.7366618357328212,0.732487860454132,0.7275929909766538,0.7220728052503784,0.7160230463939116,0.7095395562196923,0.702718237634131,0.6956550295603243,0.688445891668864,0.6811867956658773,0.6739737228370949,0.6669026699751641,0.6600696603111296,0.6535707543833429,0.647502052945459,0.6419596862203267,0.6370397938881106,0.6328384997009894,0.6294518758334051,0.6269758773504157,0.62550616324836,0.6251372464322099,0.6256189128599705,0.6266961546472111,0.6281133294573119,0.6296145947448005,0.6309440280888072,0.6318456849204025,0.6320636410643096,0.6313420472833629,0.6294252278618724,0.6260579097759406,0.620986047069668,0.6143208954485158,0.6063255070299557,0.5972642566481537,0.5874019847537058,0.5770037518141946,0.5663347267226306,0.5556601224546439,0.5452451484477555,0.535354958393463,0.5262545628024686,0.5182086302735802,0.5114807392441119,0.5063160797737039,0.5025406280793316,0.49997877829926085,0.4984544443388158,0.49779132063279175,0.49781298092830967,0.4983429294219716,0.49920463720205643,0.5002215749818165,0.5012172491038372,0.5020152462992028,0.5024392929573442,0.5023133369590795,0.5014616996025364,0.49970945898815144,0.49688371922402863,0.4928237313381455,0.48769684768848465,0.4816764641442282,0.4749388788848901,0.4676624657833616,0.46002692362258635,0.45221271498506566,0.44440070965208767,0.43677196804323337,0.42950762462758335,0.42278882694570874,0.4167966835647171,0.41171217809441907,0.4077159284365365,0.4049868927247555,0.40338678048700105,0.4027756781383906,0.4030132737792617,0.40395908873840325,0.40547256566175,0.4074131177354537,0.409640165149634,0.41201317261941955,0.4143916983239858,0.416635465620477,0.4186044975992167,0.42015947026115436,0.42116336543225197,0.42152659324023417,0.42116723655692545,0.4200044376807122
1.019878688951472,1.017567678812403,1.0152460545636777,1.0129138523240657,1.010571108212736,1.0082178583484702,1.005854138850355,1.0034799858374814,1.001095435428538,0.9987005237427404,0.9962952868988417,0.9938797610160601,0.9914539822128653,0.9890179866098057,0.9865718103224784,0.9841154894742936,0.981649060181539,0.9791725585628538,0.9766860207376511,0.9741894828270237,0.9716829809465302,0.9691665512175227,0.9666402297592659,0.9641040526876503,0.9615580561238877,0.9590022761884684,0.9564367489963879,0.9538615106698907,0.9512765973282816,0.9486820450909119,0.9460778900664207,0.9434641683916862,0.9408409161724316,0.938208169535961,0.9355659645868484,0.9329143374653724,0.9302533242773632,0.9275829611339405,0.9249032841697639,0.9222143295016793,0.9195161332443451,0.9168087315145004,0.914092160435142,0.9113664561232444,0.9086316546956479,0.9058877922806834,0.9031349049862498,0.9003730289338765,0.8976022002502286,0.8948224550461437,0.8920338294349182,0.8892363595599696,0.8864300815119424,0.8836150314305827,0.8807912454175605,0.8779587596119373,0.8751176101075324,0.8722678330384672,0.869409464526435,0.8665425406968846,0.8636670976350693,0.8607831715030608,0.8578907983945799,0.8549900144216569,0.852080855732969,0.8491633584221973,0.8462375586142368,0.8433034924281337,0.8403611959964312,0.8374107054201898,0.8344520568217203,0.8314852863253318,0.8285104300414372,0.8255275241085862,0.8225366046236688,0.8195377076979867,0.8165308694881855,0.8135161260904218,0.8104935136159812,0.807463068205124,0.8044248259562075,0.8013788230017793,0.7983250954415473,0.7952636794248583,0.7921946110356646,0.7891179264355361,0.786033661720339,0.782941852989381,0.7798425363825854,0.776735748030485,0.7736215240348686,0.7704999004996105,0.7673709135748492,0.7642345993791069,0.7610909939991769,0.7579401336004686,0.7547820542548224,0.7516167921034089,0.7484443832740905,0.7452648638532519,0.7420782700139081,0.7388846378183471,0.7356840034380157,0.7324764029284506,0.7292618724692063,0.7260404481766742,0.7228121660962744,0.7195770624507317,0.7163351732511155,0.7130865347236007,0.7098311828996734,0.7065691539539989,0.7033004839812705,0.700025209095085,0.6967433654584635,0.6934549891093191,0.6901601162555385,0.6868587829486329,0.6835510253422182,0.6802368795471906,0.676916381664645,0.6735895678625697,0.6702564742279102,0.6669171368596871,0.6635715919061895,0.6602198754568327,0.6568620236753238,0.6534980726462191,0.6501280585015314,0.6467520173485879,0.6433699853344179,0.6399819985510927,0.6365880931250351,0.6331883051777999,0.6297826708076625,0.6263712261717682,0.6229540073696278,0.6195310505053082,0.6161023917239443,0.6126680671451652,0.6092281128507566,0.6057825649949073,0.6023314596943619,0.5988748330480574,0.5954127212025222,0.5919451602421879,0.5884721863219016,0.5849938355284603,0.5815101440096949,0.5780211478656099,0.5745268832262999,0.5710273862001756,0.5675226929187085,0.5640128394834734,0.5604978620319477,0.5569777966744627,0.5534526795181006,0.5499225467117196,0.546387434339744,0.5428473785565018,0.5393024154480508,0.5357525811577327,0.5321979117883678,0.5286384434629163,0.5250742123087669,0.5215052544385822,0.5179316059724487,0.5143533030284244,0.5107703817214867,0.507182878181129,0.503590828515134,0.49999426884713166,0.4963932353021204,0.4927877639877528,0.48917789103104825,0.4855636525486088,0.4819450846610984,0.47832222348288195,0.47469510513855184,0.4710637657429273,0.4674282414160701,0.4637885682805075,0.4601447824498734,0.4564969200455322,0.4528450171873498,0.44918910999334655,0.4455292345822101,0.4418654270735093,0.43819772358621195,0.43452616023871654,0.4308507731515337,0.42717159844178804,0.423488672229347,0.4198020306336543,0.41611170977279993,0.4124177457664169,0.4087201747331504,0.4050190327921864,0.4013143560624512
0.9835047778482384,0.9817217828441753,0.9799238354641675,0.978110965007523,0.9762832007736912,0.9744405720619649,0.9725831081714131,0.9707108384014975,0.9688237920517185,0.9669219984207663,0.9650054868087106,0.9630742865137543,0.9611284268351308,0.959167937072424,0.957192846525154,0.9552031844910479,0.9531989802699073,0.9511802631599877,0.9491470624614249,0.9470994074689728,0.9450373274875729,0.9429608518099462,0.9408700097363631,0.9387648305663656,0.9366453435952206,0.934511578123089,0.932363563446715,0.9302013288625417,0.9280249036674707,0.9258343171639892,0.9236295986381975,0.921410777395824,0.9191778827281287,0.9169309439347688,0.9146699903050838,0.9123950511363069,0.9101061557314684,0.9078033333704945,0.9054866133644149,0.9031560249877206,0.9008115975439566,0.8984533603347962,0.8960813426349163,0.8936955737358315,0.8912960829546182,0.8888828995542626,0.886456052840115,0.884015572095533,0.8815614866090055,0.8790938256808725,0.8766126185858251,0.8741178946113873,0.8716096830659472,0.8690880132011979,0.8665529143359432,0.8640044157282124,0.8614425466842952,0.858867336479768,0.8562788143937268,0.8536770097048657,0.851061951710849,0.8484336696797715,0.8457921928970887,0.8431375506349059,0.8404697721889901,0.8377888868133576,0.8350949237934528,0.8323879124094407,0.8296678819328135,0.8269348616492881,0.8241888808193111,0.8214299687083539,0.8186581545987306,0.8158734677682559,0.8130759374692565,0.8102655929824304,0.8074424635780075,0.8046065785049412,0.8017579670380188,0.798896658444338,0.7960226819846624,0.7931360669203115,0.7902368425235256,0.7873250380152387,0.7844006827064344,0.7814638058264053,0.7785144366157078,0.7755526043782189,0.7725783383117675,0.7695916677046651,0.7665926217938012,0.7635812298258307,0.7605575210708325,0.7575215247576637,0.7544732701104999,0.7514127864338755,0.7483401029221097,0.7452552488119408,0.742158253391395,0.7390491458520246,0.735927955462886,0.7327947114307307,0.7296494430335797,0.7264921794673582,0.7233229499648784,0.7201417838054893,0.7169487101488807,0.7137437582636827,0.7105269573881867,0.7072983367023378,0.7040579254760893,0.7008057529180417,0.6975418482376868,0.6942662406609548,0.690978959422188,0.6876800337080539,0.6843694927606985,0.6810473657860925,0.6777136819875282,0.6743684706083196,0.6710117608121524,0.6676435818415528,0.6642639628966044,0.6608729331843687,0.6574705218928085,0.6540567582567322,0.6506316714594413,0.6471952906937464,0.6437476451754922,0.6402887641181741,0.6368186766724099,0.6333374120690078,0.6298449994945676,0.6263414681614747,0.6228268472231087,0.6193011659057608,0.6157644533776048,0.612216738831759,0.608658051475496,0.6050884204720355,0.6015078750277189,0.5979164442981724,0.594314157505758,0.5907010437933801,0.5870771323806265,0.5834424524092835,0.5797970330960706,0.5761409036025782,0.5724740931013856,0.5687966307857746,0.5651085458207042,0.5614098673844196,0.557700624650962,0.5539808467897591,0.5502505630013946,0.546509802424191,0.5427585942390811,0.5389969676305073,0.5352249517692865,0.5314425758038028,0.5276498689267788,0.5238468602993785,0.5200335790854913,0.5162100544589565,0.5123763155902787,0.5085323916376221,0.504678311777924,0.5008141051696091,0.4969398009856098,0.4930554283874058,0.48916101654143573,0.48525659461333903,0.48134219176957854,0.47741783717345926,0.47348355999003944,0.4695393893847636,0.46558535451767713,0.46162148455672863,0.4576478086659247,0.4536643560055781,0.44967115574304817,0.445668237038112,0.44165562905793976,0.4376333609633352,0.43360146191868276,0.4295599610861627,0.4255088876298281,0.4214482707109307,0.41737813949478975,0.4132985231424512,0.409209450817742,0.40511095168348754,0.4010030549023146,0.39688578963724513,0.3927591850512881,0.3886232703068764,0.3844780745671511,0.38032362699481387,0.37615995675275454
0.9841978208710175,0.9825005436753179,0.9807877961834299,0.9790596144474415,0.9773160345211238,0.9755570924604613,0.9737828243204554,0.9719932661515392,0.970188453997403,0.9683684238985606,0.9665332118967793,0.964682854035595,0.9628173863594995,0.9609368449099194,0.9590412657286125,0.9571306848556198,0.9552051383288566,0.9532646621807384,0.9513092924439821,0.9493390651458591,0.9473540163117851,0.9453541819693588,0.9433395981492281,0.9413103008837849,0.9392663262021232,0.9372077101333314,0.935134488709117,0.9330466979642917,0.9309443739299118,0.9288275526327298,0.9266962701028246,0.9245505623722058,0.9223904654748364,0.9202160154477984,0.918027248329195,0.9158242001563743,0.9136069069698782,0.9113754048131729,0.9091297297268728,0.9068699177552983,0.9045960049482458,0.9023080273574484,0.900006021038686,0.8976900220466277,0.8953600664396273,0.8930161902712515,0.8906584295963557,0.888286820469587,0.8859013989412997,0.8835022010756921,0.8810892629308328,0.8786626205765998,0.8762223100827953,0.8737683675301313,0.8713008290025901,0.8688197305844896,0.8663251083773633,0.8638169984754043,0.8612954369933727,0.8587604600376426,0.8562121037339152,0.8536504042097384,0.8510753976031991,0.8484871200607667,0.8458856077360788,0.8432708967936027,0.840643023396349,0.8380020237229203,0.8353479339590466,0.8326807902938117,0.8300006289387162,0.8273074860923797,0.8246013979970559,0.821882400868363,0.8191505309736101,0.8164058245458397,0.8136483178762526,0.8108780472200745,0.8080950488662796,0.8052993591458908,0.8024910143481783,0.7996700507980796,0.7968365048482953,0.7939904128332785,0.7911318111083339,0.7882607360308466,0.7853772239898501,0.7824813113949645,0.7795730346274625,0.7766524301396002,0.7737195343476496,0.7707743837269465,0.767817014737652,0.7648474638549739,0.7618657676029397,0.7588719624834472,0.7558660850267371,0.7528481717739934,0.7498182593037321,0.7467763841961624,0.7437225830224174,0.7406568924132183,0.7375793489767077,0.7344899893616272,0.7313888502091721,0.728275968211352,0.7251513800425844,0.7220151223991987,0.7188672320065785,0.7157077456144366,0.7125366999407732,0.7093541317667281,0.7061600778581021,0.7029545750198773,0.6997376600610228,0.696509369804287,0.6932697410731569,0.6900188107383572,0.6867566156554046,0.683483192715458,0.6801985787944247,0.6769028108422284,0.673595925733393,0.6702779604557317,0.6669489519303159,0.6636089371219662,0.6602579530263261,0.6568960366135659,0.6535232249033904,0.6501395549139447,0.6467450636693006,0.6433397882103722,0.6399237655962717,0.6364970328850323,0.6330596271714711,0.6296115855299533,0.6261529450747958,0.622683742912809,0.6192040161744883,0.6157138019971234,0.6122131375339598,0.6087020599354787,0.6051806063805978,0.601648814056554,0.5981067201422339,0.5945543618436585,0.5909917763725971,0.5874190009427916,0.5838360727824805,0.5802430291231782,0.5766399072193806,0.5730267443124631,0.5694035776764885,0.5657704445776557,0.5621273822897679,0.558474428109403,0.5548116193308348,0.5511389932492247,0.547456587178864,0.5437644384243836,0.5400625842992319,0.5363510621265608,0.5326299092268195,0.5288991629370683,0.5251588605813383,0.5214090395047399,0.517649737047747,0.5138809905549419,0.5101028373815322,0.5063153148797133,0.5025184604034894,0.4987123113210108,0.49489690499692496,0.491072278794203,0.4872384700964443,0.4833955162664148,0.479543454692255,0.4756823227479339,0.4718121578199246,0.4679329972902959,0.46404487854582444,0.4601478389735245,0.4562419159658367,0.45232714691289094,0.4484035692032133,0.44447122022881136,0.44053013737710833,0.43658035803988504,0.4326219196094159,0.42865485947877846,0.42467921503959505,0.4206950236859839,0.4167023228081098,0.41270114979739453,0.4086915420446887,0.4046735369398315,0.4006471718712113,0.3966124842311822,0.3925695114076457
0.9827051090260764,0.9851916789875763,0.9879107630739876,0.9906055398619731,0.9930187979609334,0.9948929129716622,0.9959699133599381,0.9959917239778219,0.9947005047506059,0.9918393850857935,0.9871589550116743,0.9811234416208312,0.9742054252409647,0.9668791707998343,0.9596193232898494,0.9529003793209349,0.9471957479790353,0.9429704304569557,0.9400581103158558,0.9382872708905775,0.93748504459458,0.9374779667298767,0.938092333376407,0.9391544737325661,0.9404911356979877,0.94193036383988,0.943303278198579,0.944450562617925,0.9452330796413516,0.9455251905483666,0.945212687457277,0.9442014169697922,0.9425296539326732,0.9402461621155056,0.9374025334202288,0.9340513406907271,0.9302455599657323,0.9260383456228481,0.9214829772115787,0.916632953500701,0.911542286758157,0.9062663660159344,0.9008644239722265,0.8954024489867074,0.8899506186990005,0.8845813461837804,0.879368810338802,0.8743888698221105,0.8697197205489889,0.8654434119069394,0.8616471275260432,0.8584278858576908,0.8559866175209576,0.8545310179801263,0.8542702382102619,0.8554138129092845,0.8581712052057479,0.8627511298627281,0.8693580554945098,0.8772567720036146,0.8857051725177527,0.8939596564014547,0.9012760865680348,0.9069101588951874,0.9101176415841363,0.9101546365953098,0.9062779719377808,0.8977460157836551,0.8838217800200413,0.8647238079076257,0.8427599012348457,0.8202420091899655,0.7994832687616442,0.782797037674126,0.7724963993220965,0.7708926601274936,0.7760137219033977,0.785882712924348,0.7985220221788011,0.8119540045816197,0.8242015691351163,0.8332908350889584,0.8395072169864097,0.843142635322949,0.8444903320976228,0.8438438995803088,0.8414968445547094,0.8377419530254657,0.8328678329457095,0.8270108340963995,0.8202198240811875,0.8125417589358588,0.8040231878117524,0.7947106427960591,0.7846509599355757,0.7738919389164145,0.7624850829737304,0.7509297306284279,0.7397522937515117,0.7294807594205187,0.7206434157947746,0.7137683939612673,0.7093829598588406,0.7080101993796979,0.7092723947408737,0.7123110698605337,0.7162640225806917,0.720268232825594,0.7234605369360246,0.724978085176281,0.7239597625420637,0.7196795041663258,0.7130875276821425,0.705135807066002,0.6967766807542985,0.6889624000644528,0.6826446314317156,0.6787727182456943,0.6778394375649054,0.6787274161774166,0.6803167857355359,0.6814871906419193,0.6811183645035486,0.6780910204801592,0.6712920871716321,0.6614776702696806,0.6494101153642248,0.6358530277011567,0.6215705469352962,0.6073270827566141,0.5938871860750561,0.5820154685895602,0.5724765284546465,0.5660347426727249,0.5634537267513349,0.5654946108293033,0.5726024644627067,0.582970944735349,0.5947894080782671,0.6062461055426585,0.615528978812783,0.620826077171787,0.62032614273003,0.612220833311909,0.5985086681533643,0.581227328704286,0.5624174485489722,0.5441204856001143,0.528378016683629,0.5172312035238076,0.5127185508735423,0.5134660125137934,0.5180950645135942,0.5252262705888442,0.5334799422650321,0.5414764279349926,0.5478364076157068,0.5511814288628468,0.5501361140896592,0.5455924797961066,0.5384813552215323,0.5297358481114507,0.5202896745754128,0.5110766452083411,0.5030303232798758,0.49708342830976915,0.4941658075851628,0.493554511611493,0.49450640456903816,0.49627687343078986,0.4981211085281685,0.4992946805110505,0.4990558467816702,0.4977906430091123,0.4958961617741233,0.49377061467646255,0.4918124005229444,0.4904196620276934,0.4899894192788898,0.4909126411210337,0.4925939600848409,0.49443415278035846,0.4958330234867676,0.49619009285609506,0.49490501673882503,0.4913783508995712,0.48501774175230095,0.4764079742051752,0.46613705712438513,0.45479361060027435,0.4429662382903947,0.4312427684401219,0.42020526168873235,0.4099113632596148,0.40041153576861244,0.39175474773784597,0.38398939446231284,0.37716363149548404,0.3713255120393109
0.9444106733639182,0.9463766986066543,0.9484474514871838,0.9504412581852284,0.9521766982011817,0.9534735383232009,0.954371592937533,0.9549121928029887,0.9551370725136042,0.95508806606,0.9548069314305161,0.9543350152206175,0.9537110080821974,0.9529556236606341,0.9520781097731035,0.9510856124562708,0.9499845985859028,0.9487811542239917,0.9474810745646364,0.9460899207789808,0.9446130760125211,0.9430558207232397,0.9414234294240188,0.9397212584370184,0.9379548036111777,0.9361297847302522,0.9342523521658763,0.9323300716131736,0.9303862947470144,0.9284851955634347,0.9266924111576407,0.9250738057570784,0.9236952258343658,0.9226222324239863,0.9219183244140771,0.9212533136683936,0.9202961959824413,0.9187157525885244,0.916180745419768,0.9123600933372543,0.90692334075749,0.89954382757447,0.8908201962957286,0.8813536052881222,0.8717459497015332,0.8625993674285459,0.8545160074690905,0.8480977863372922,0.8439455343413007,0.8418424867701607,0.8415316903181491,0.8427551952717276,0.8452547255853526,0.8487718591727713,0.8530481356242355,0.8578251152225339,0.8628444466193262,0.8678479751809771,0.8725779623247392,0.8767777604027193,0.880196005545222,0.8828012235280192,0.8845653906310119,0.8854615437619233,0.8854630967436973,0.8845435740829589,0.8826764480082978,0.879834851455349,0.8759893632741973,0.8710618328719324,0.8649726891629093,0.8576420878805208,0.8489901545826248,0.8389371581322899,0.8274039448865402,0.8149063001911484,0.801972573080136,0.7891316242982643,0.776912393232493,0.7658437027809424,0.7564539792662425,0.7492708481247891,0.7448210200696244,0.7436299213694544,0.7462199971843738,0.7515253392620753,0.7584777910134681,0.7660086430767563,0.7730489752959765,0.7785297990971473,0.7813821489678346,0.7805371829281588,0.7749263711783374,0.7634822656729733,0.7478725394945291,0.7297695521928552,0.7108463185698779,0.6927760031019518,0.677231722947332,0.6658862623236892,0.6604109382185399,0.6623761525740628,0.6702974883549366,0.6826869492437366,0.6980552615258557,0.7149126694762319,0.7317692005032977,0.7471347948552237,0.7595194385274155,0.7674333821700399,0.7693879545519865,0.7653056194878013,0.7562156225171762,0.7431478286663018,0.7271322424361536,0.7091988529933126,0.6903775421096275,0.6716980613540562,0.6541900333688938,0.6388829110853091,0.6268058424221917,0.6189871066903979,0.6164495796303467,0.6180278642420147,0.622554446386666,0.6288611468487172,0.6357795167414444,0.6421410122784627,0.6467771323633251,0.6485196405870504,0.6462018030259704,0.6409837203504445,0.6340264447446304,0.6264912079362743,0.6195392067814509,0.6143312956805885,0.6120259894750004,0.6119652146872993,0.6134896471892717,0.6159395620425852,0.6186550281203299,0.6209759891689487,0.6222423543387138,0.6217941027285114,0.6189714845082626,0.613115739665004,0.6052822887945557,0.5965301667805266,0.5879187947823292,0.5805076688233513,0.5753561895898042,0.5735233672559319,0.576066220588974,0.5815752403578365,0.5886399418763087,0.5958496178195679,0.6017935621523329,0.6050613165876749,0.6042439120497247,0.6002637015702371,0.5940491144595429,0.5865294314550846,0.5786341551553266,0.5712928306442164,0.5654349145389839,0.5619895443336829,0.5618843957731575,0.5637838592441686,0.5663508869977838,0.5682481335607665,0.5681382215806958,0.5646839767733651,0.5565493642239494,0.5446629238864595,0.5299545786263875,0.5133544728202097,0.49579273465299156,0.478199243106005,0.4615023166085276,0.4459101115170293,0.4316270225304797,0.41885644659453625,0.4078013838851945,0.3986645580281098,0.39164838223282183,0.38695464126692164,0.38478272018847215,0.3848515807874745,0.3868649621160456,0.39052294165060547,0.39552334234981,0.4015592709838475,0.40793766326713,0.41396029901053266,0.41892828735758886,0.42214252868743024,0.4229038624751005,0.420513184883068,0.4142716146685681
0.9958676598747526,0.9912818910147683,0.9870324217962796,0.9831073797966146,0.9794948925702833,0.9761830876580124,0.9731600925990663,0.970414034946634,0.9679330422865473,0.96570524225961,0.9637187625870185,0.9619617310976647,0.960422275756578,0.9590885246935612,0.9579486062310288,0.9569906489111599,0.9562027815240616,0.9555731331355407,0.9550898331184676,0.9547410111875183,0.9545147974390722,0.9543993223966734,0.9543827170614094,0.9544531129698464,0.9545986422569763,0.9548074377274398,0.9550676329297041,0.9553673622298036,0.9556947608867836,0.956037965119103,0.956385112168743,0.9567243403572827,0.9570437891444935,0.9573315991865443,0.957575912403442,0.9577648720613454,0.9578866228710277,0.9579293111075753,0.9578810847556041,0.9577300936945812,0.9574644899351733,0.9570724279303439,0.9565420649858053,0.9558615618119369,0.9550190833015207,0.9540027996600577,0.9528008881456456,0.951401535958788,0.9497929454265752,0.9479633447631577,0.9459010168807995,0.9435944392000465,0.9410521319869201,0.9382828125185669,0.9352952502885066,0.9320982381603773,0.9287005821407939,0.9251110966322126,0.9213386018554044,0.917391922301133,0.9132798857388582,0.9090113225393912,0.9045950651907219,0.9000399479365211,0.8953548064934829,0.8905484778266248,0.8856297999641805,0.8806076118415048,0.8754907531687699,0.8702880643173456,0.865008386217194,0.8596605602678532,0.8542534282547,0.8487958322726612,0.8432966146525853,0.8377646178891863,0.8322086845679565,0.8266376572884315,0.821060378582967,0.8154856908290523,0.8099224361534811,0.8043794563244968,0.7988655926291884,0.793389685728493,0.7879605754806642,0.7825871007206504,0.7772780989730135,0.7720424060690431,0.7668888556138824,0.7618262782055952,0.7568635002358202,0.7520093418973466,0.74727261363707,0.7426621091924982,0.7381865896237858,0.7338547334857529,0.729674825286135,0.7256407462287991,0.7217462320000803,0.7179849745711233,0.7143506446520344,0.7108369005202341,0.7074373924517641,0.7041457652588585,0.7009556598560719,0.6978607142902973,0.6948545644632572,0.6919308446512245,0.6890831879042071,0.6863052263563527,0.6835905914759175,0.6809329142736644,0.6783258254797205,0.6757629557032234,0.673237935581931,0.6707443959324495,0.6682759679096311,0.665826283184541,0.6633889741552038,0.6609576742013954,0.6585260180088526,0.6560876419937931,0.6536361848809025,0.6511652885301421,0.6486685991673022,0.6461397693721073,0.6435724615754009,0.6409603552579541,0.6382971656697725,0.6355767222061275,0.6328008822842847,0.6299715148196796,0.6270905147045011,0.6241597900351366,0.6211812566331512,0.6181568352810313,0.6150884501616565,0.6119780278924378,0.6088274968886257,0.605638786917364,0.6024138287670068,0.5991545539926935,0.5958628947127267,0.5925407834408232,0.5891901529422752,0.5858129361038709,0.5824110658117507,0.5789864748318188,0.575541095686477,0.5720768605250949,0.5685957009805397,0.5650995480108794,0.5615903317213414,0.5580699811624718,0.5545404240995037,0.5510035867537247,0.5474613935141088,0.5439157666253831,0.5403686258762079,0.5368218883113293,0.5332774680053209,0.5297372759143921,0.5262032198267247,0.5226772044058828,0.5191611313238342,0.5156568994485485,0.5121664050649023,0.5086915421026995,0.5052342023627585,0.5017962757273278,0.49837965035049003,0.4949862128216904,0.4916178483119914,0.4882764406988739,0.4849638726774571,0.4816820258587232,0.478432780857624,0.4752180173724999,0.4720396142614539,0.4688994496101101,0.46579940079634796,0.46274134455029875,0.45972715700946654,0.4567587137723918,0.4538378899496393,0.4509665602135234,0.44814659884707025,0.4453798797889148,0.4426682766783643,0.44001366289640753,0.43741791160696286,0.4348828957940303,0.4324104882975429,0.43000256184645325,0.4276609890886517,0.4253876426169403,0.4231843949898766,0.42105311874745255,0.41899568642223395
0.9749637709628411,0.9749347464770719,0.9748144056337434,0.9746039609866034,0.9743046250860905,0.973917610478344,0.9734441297066694,0.972885395312854,0.9722426198345235,0.9715170158027842,0.9707097957427865,0.9698221721754305,0.9688553576162292,0.9678105645728898,0.9666890055438557,0.9654918930186498,0.9642204394762022,0.9628758573821383,0.9614593591865946,0.9599721573256931,0.9584154642215692,0.9567904922785354,0.9550984538788325,0.9533405613795163,0.9515180271097808,0.9496320633695734,0.9476838824291123,0.9456746965251932,0.9436057178593014,0.9414781585911031,0.939293230831306,0.9370521466396404,0.9347561180249797,0.9324063569349057,0.930004075252642,0.9275504847924991,0.9250467972922078,0.9224942244076891,0.9198939777039784,0.9172472686571682,0.9145553086379115,0.9118193089094272,0.9090404806142778,0.906220034774623,0.9033591822737504,0.9004591338503083,0.8975211000920809,0.8945462914182276,0.8915359180759128,0.8884911901230717,0.8854133174270404,0.8823035096487563,0.8791629762302722,0.875992926386591,0.8727945690912988,0.8695691130599611,0.8663177667433716,0.86304173829963,0.8597422355791944,0.8564204661180572,0.8530776370944901,0.8497149553266917,0.8463336272256786,0.8429348587748824,0.8395198554911927,0.8360898223888633,0.8326459639218798,0.8291894839406374,0.8257215856407351,0.8222434714792227,0.8187563431042668,0.815261401284202,0.8117598457732318,0.8082528752442619,0.804741687107207,0.801227477402567,0.7977114405733138,0.7941947692850403,0.7906786541302251,0.7871642833442545,0.78365284242589,0.7801455136431107,0.7766434755236763,0.7731479021053346,0.7696599620709448,0.766180817630294,0.762711623013343,0.759253522490382,0.7558076474534938,0.7523751117910186,0.7489570034568994,0.7455543651592031,0.7421681243034414,0.7387982967899227,0.7354447353951519,0.7321072374289118,0.7287855698162748,0.725479479338964,0.7221886981235421,0.718912946959833,0.7156519376152434,0.7124053745515079,0.7091729561625028,0.7059543758293384,0.7027493227219043,0.6995574824501981,0.6963785375932812,0.6932121681802212,0.6900580520299251,0.6869158650871927,0.6837852816792501,0.6806659747363376,0.677557615970846,0.6744598760685097,0.6713724247754779,0.6682949310686521,0.665227063202197,0.6621684888319639,0.6591188750537105,0.6560778884824584,0.6530451953050045,0.6500204613193978,0.647003351983328,0.6439935324449609,0.6409906675729415,0.6379944219850455,0.6350044600743667,0.632020446025735,0.6290420438399258,0.6260689173419717,0.6231007301991298,0.6201371459347358,0.6171778279330067,0.6142224394556873,0.6112706436435795,0.6083221035271782,0.6053764820299672,0.6024334419775496,0.5994926461021804,0.5965537570474297,0.5936164373817859,0.5906803496052284,0.5877451561514574,0.5848105194061028,0.5818761017045482,0.578941565348377,0.576006572611181,0.5730707857530284,0.5701338670129974,0.5671954786453932,0.5642552828993959,0.5613129420457543,0.5583681183725977,0.5554204741946488,0.5524696718596289,0.5495153737558455,0.5465572423099747,0.5435949400007327,0.5406281293583084,0.5376564729676623,0.5346796334732692,0.5316972735779938,0.5287090560500334,0.5257146437209054,0.5227136994891152,0.5197058863158902,0.5166908672336133,0.5136683053376601,0.5106378637920973,0.5075992058282823,0.504551994743692,0.5014958939058652,0.4984305667434062,0.4953556767525875,0.49227088749248515,0.48917586258465995,0.4860702657131212,0.48295376061785544,0.479826011095989,0.47668668099666084,0.4735354342161009,0.470371934699949,0.4671958464359612,0.46400683345378857,0.4608045598217944,0.45758868964403704,0.45435888705983535,0.4511148162361632,0.44785614136953145,0.44458252668125753,0.4412936364180018,0.4379891348476228,0.4346686862553919,0.4313319549430022,0.42797860522520925,0.42460830143043804,0.42122070789470495,0.41781548896273657,0.41439230898151935
0.9864328533773586,0.9821513675795686,0.9785042571912914,0.9754550134644149,0.972967124107542,0.9710040726477,0.9695293379156591,0.9685063936871383,0.9678987084770132,0.9676697454083054,0.9677829621113792,0.9682018106777099,0.9688897376942209,0.9698101843838638,0.9709265868799469,0.9722023766231904,0.9736009809289056,0.975085823718899,0.9766203263797426,0.9781679087315788,0.9796919900875539,0.9811559904048388,0.9825233315475325,0.9837574387092493,0.9848217420643306,0.9856796787901339,0.9862946956717928,0.9866302525982384,0.9866498273959479,0.9863169227381576,0.9855950766239014,0.9844478797219424,0.9828390070784473,0.9807322868962034,0.9780919161578314,0.9748844436732078,0.9711455903124149,0.9669114479628425,0.9622182450334451,0.9571022798274222,0.9515998918252354,0.9457474466548074,0.9395813273368125,0.9331379287588045,0.9264536539499559,0.9195649113793896,0.9125081128462107,0.9053196716964751,0.8980360011895057,0.890693512866761,0.8833286148054685,0.8759777096364991,0.8686771921874955,0.861463446533243,0.8543728420380146,0.8474417277502829,0.8407064238910502,0.8342032075387363,0.8279682857443441,0.8220377352222276,0.8164473141940772,0.811231000666264,0.8063744080779943,0.8018628414756749,0.7976814807849563,0.7938154358699548,0.7902497718507038,0.7869695228887634,0.7839597007620934,0.7812053006346792,0.7786913052058952,0.7764026878494724,0.7743244151200909,0.7724414488305715,0.7707387478399491,0.7692012696492055,0.7678139719123044,0.7665618139713242,0.7654297585347886,0.7644027736600749,0.7634658353064876,0.7626039308828412,0.7618020645232517,0.7610452655078587,0.7603186028355798,0.7596072131346646,0.7588963594433833,0.7581715673481204,0.7574189721542892,0.7566259500404328,0.7557807689545101,0.7548720882734742,0.7538887703774838,0.7528198031065125,0.7516542641295576,0.7503813026626557,0.7489901301938866,0.7474700167277294,0.7458102907583442,0.7440003427739922,0.7420296326123933,0.7398877016526222,0.7375641899716132,0.7350488615089779,0.7323316492592055,0.7294027465929735,0.7262528058311243,0.7228734150972473,0.7192584311259481,0.7154124545598555,0.7113496040883853,0.7070848504897596,0.7026335307664535,0.6980111823667554,0.6932334658951081,0.6883161213747854,0.6832749419536963,0.6781257572395242,0.6728844223196511,0.6675668101468702,0.6621888062071202,0.6567663046818777,0.6513152055726956,0.6458514124128364,0.6403908303175307,0.6349493641777821,0.6295429168036714,0.624187386805303,0.6188986659347304,0.6136926354757236,0.6085851610421251,0.6035920847461959,0.5987292128077132,0.5940122952398885,0.5894569905538664,0.5850787997007038,0.580892929508945,0.5769139654972302,0.5731547456981826,0.5696196215564242,0.5663084019048472,0.5632195949434688,0.560351042593536,0.5577001815838061,0.5552641536151092,0.553039847427536,0.5510238967957447,0.5492126302621971,0.5476019185015676,0.5461866766809376,0.5449559487995045,0.5438888028115852,0.5429632673006896,0.5421569872410426,0.5414474182655854,0.5408119101212019,0.540227749332895,0.5396721832281312,0.5391224341776858,0.5385557085229971,0.53794920242435,0.537280105877384,0.5365256056316583,0.5356628875557665,0.5346691388369901,0.5335215503849811,0.5321973198932242,0.5306736562638569,0.5289277865986259,0.5269369678600186,0.5246785072035286,0.5221298005538367,0.5192684201624972,0.516072410294986,0.5125505577741967,0.5087228882437923,0.5046099334593688,0.500232413806131,0.4956111484271595,0.49076701741279216,0.48572094238259506,0.4804938759012503,0.475106795283895,0.4695806987229593,0.46393660280476323,0.4581955408667959,0.45237856190601156,0.4465067297156267,0.44060112208971597,0.43468283004624697,0.42877295705039387,0.422892618135862,0.41706293884713713,0.4113050540277578,0.40564010650489074,0.40008924579620825,0.3946736268974934,0.3894144091908075,0.3843327554870149
1.009032914394989,1.0072827211139557,1.0055059631674876,1.0037028593869273,1.001873628603219,1.000018489647433,0.9981376613504649,0.9962313625428683,0.9942998120550874,0.9923432287179117,0.9903618313621858,0.9883558388180483,0.9863254699173009,0.9842709434902458,0.9821924783672313,0.9800902933783198,0.9779646073549462,0.9758156391269002,0.9736436075239423,0.9714487313765088,0.9692312295141416,0.9669913207693255,0.9647292239673868,0.9624451579430446,0.9601393415209625,0.9578119935317685,0.9554633328046517,0.9530935781661661,0.9507029484447321,0.9482916624654678,0.945859939056942,0.9434079970429566,0.9409360552510394,0.9384443325027979,0.935933047627652,0.9334024194422197,0.9308526667770993,0.9282840084485048,0.9256966632783833,0.9230908500887816,0.92046678769956,0.9178246949207775,0.9151647905851391,0.9124872934957123,0.9097924224763347,0.9070803963260297,0.9043514338785292,0.9016057539356575,0.8988435753012428,0.8960651167942472,0.8932705972231482,0.8904602353866315,0.88763425009362,0.8847928601461789,0.8819362843390637,0.8790647414881098,0.8761784503668433,0.8732776297897207,0.8703624985418837,0.8674332754071743,0.8644901791902618,0.8615334286581983,0.8585632426061838,0.8555798398125424,0.852583439044995,0.8495742590913904,0.84655251872773,0.8435184367038557,0.8404722318154983,0.8374141227973722,0.834344328424592,0.8312630674514672,0.8281705586338277,0.8250670207320707,0.8219526724727167,0.8188277326257193,0.8156924199094988,0.8125469530772603,0.8093915508482706,0.8062264319672512,0.8030518151477093,0.7998679191160438,0.7966749625983354,0.7934731642949936,0.79026274292716,0.787043917172807,0.7838169057625565,0.7805819273917941,0.7773392007188781,0.7740889444612105,0.7708313773027708,0.7675667179062488,0.7642951849340258,0.761016997080454,0.7577323730158079,0.7544415313460108,0.7511446907811419,0.7478420699634457,0.7445338874989512,0.7412203620613821,0.7379017122890651,0.7345781567893434,0.7312499141932693,0.7279172031449476,0.7245802422211532,0.7212392500604832,0.7178944452709233,0.7145460464405169,0.7111942721418218,0.7078393410234929,0.7044814716195129,0.7011208825628185,0.6977577923860714,0.6943924196677874,0.6910249830020829,0.6876557009198928,0.6842847920329853,0.680912474811985,0.6775389678820193,0.6741644897646641,0.6707892589951931,0.6674134941087083,0.6640374136534822,0.6606612361411544,0.6572851801017954,0.6539094640785967,0.6505343065528514,0.6471599260645624,0.643786541094362,0.6404143701718396,0.6370436317975764,0.6336745444557992,0.6303073266563758,0.6269421968729165,0.6235793736060501,0.6202190753373602,0.6168615205410342,0.6135069277074072,0.6101555152860806,0.6068075017755964,0.6034631056408295,0.6001225453293478,0.5967860393343202,0.5934538060797214,0.5901260640466199,0.5868030316813541,0.5834849274419913,0.5801719697716787,0.5768643771254628,0.5735623679394286,0.5702661606817739,0.5669759737570074,0.5636920256302558,0.560414534729404,0.5571437194976883,0.5538797983591202,0.550622989753494,0.5473735121153911,0.5441315838608263,0.5408974234260688,0.5376712492410373,0.5344532797197719,0.5312437332958375,0.5280428283811661,0.5248507834127595,0.5216678167980924,0.518494146955213,0.5153299923108271,0.5121755712761921,0.5090311022714555,0.505896803702627,0.5027728940004114,0.49965959156538986,0.49655711481734555,0.49346568216616826,0.49038551202219516,0.487316822803453,0.4842598329115037,0.4812147607661027,0.4781818247704763,0.47516124333684273,0.4721532348765837,0.469158017794937,0.46617581050189105,0.4632068314053572,0.4602512989144957,0.45730943143468933,0.4543814473752873,0.45146756514375275,0.44856800314598455,0.44568297978971805,0.44281271348226137,0.43995742263051074,0.4371173256415688,0.4342926409222338,0.43148358687957444,0.42869038192035935,0.42591324445152484,0.42315239287991324
1.0117272092094498,1.010877102694468,1.0099586136991083,1.0089725853307485,1.0079198607042243,1.0068012829458373,1.0056176951935396,1.0043699406016144,1.0030588623428525,1.001685303612534,1.000250107632096,0.9987541176549479,0.9971981769695726,0.9955831289049961,0.9939098168371578,0.9921790841924829,0.9903917744556694,0.9885487311775064,0.9866507979773494,0.9846988185486485,0.9826936366709664,0.9806360962130876,0.9785270411391134,0.9763673155150987,0.9741577635173702,0.971899229434734,0.9695925576781877,0.9672385927835637,0.9648381794181842,0.9623921623847312,0.9599013866287645,0.9573666972325757,0.9547889394295659,0.9521689585991554,0.9495076002722433,0.9468057101297223,0.9440641340023749,0.9412837178763973,0.9384653078867048,0.9356097503163284,0.9327178915975248,0.9297905783117493,0.9268286571832809,0.9238329750773894,0.920804378999901,0.9177437160935488,0.914651833629592,0.9115295790112152,0.9083777997620498,0.9051973435258369,0.9019890580614262,0.8987537912390345,0.895492391029272,0.8922057055073478,0.8888945828414041,0.8855598712901238,0.8822024191958273,0.8788230749840695,0.8754226871515369,0.8720021042667065,0.8685621749618133,0.8651037479285882,0.8616276719112981,0.8581347957071991,0.8546259681527617,0.8511020381235179,0.8475638545304912,0.8440122663115963,0.8404481224292699,0.8368722718631233,0.8332855636067005,0.8296888466622322,0.8260829700365024,0.8224687827364074,0.8188471337644693,0.8152188721141728,0.8115848467651622,0.8079459066785093,0.8043029007934783,0.8006566780214307,0.7970080872429552,0.7933579773018896,0.7897071969993227,0.7860565950920997,0.7824070202832902,0.7787593212201649,0.7751143464899275,0.7714729446134793,0.7678359640419504,0.764204253149055,0.7605786602296626,0.7569600334898872,0.753349221046359,0.749747070917867,0.7461544310201889,0.7425721491609976,0.7390010730333424,0.7354420502056501,0.7318959281256906,0.7283635540942628,0.7248457752784436,0.7213434386824813,0.7178573911592592,0.714388479380849,0.7109375498424898,0.7075054488440592,0.7040930224779678,0.7007011166097732,0.6973305768796021,0.6939822486624267,0.6906569770665518,0.6873556069042399,0.6840789826705788,0.6808279485238724,0.6776033482362234,0.6744060251994033,0.6712368223377265,0.6680965821078243,0.664986146437762,0.6619063566415511,0.6588580533970485,0.6558420766196368,0.652859265386587,0.649910457793334,0.646996490811143,0.6441182000684096,0.6412764195921515,0.6384719814672103,0.6357057153218618,0.632978447672939,0.6302910008779278,0.627644191433544,0.6250388270336588,0.6224757003527845,0.6199555727663109,0.6174791013144973,0.6150431201046279,0.6126442627422993,0.6102791238932954,0.6079442819557329,0.6056363064523359,0.6033517612638342,0.6010872064324633,0.5988391991415665,0.5966042944245219,0.5943790455967216,0.5921600045792046,0.5899437221507104,0.5877267481034336,0.5855056314044599,0.583276920300118,0.5810371624016687,0.5787829047650312,0.5765106939558909,0.5742170760917026,0.571898596895265,0.5695518017257596,0.5671732356180349,0.5647594433082866,0.5623069692651846,0.559812357705427,0.5572721526285817,0.5546828978121472,0.5520411368628182,0.5493434131953323,0.5465862700771721,0.5437662506229236,0.5408798978127318,0.5379237545023596,0.5348943634356381,0.5317882672471568,0.5286020084768124,0.5253321295779416,0.521975172917667,0.5185276807946408,0.514986195438214,0.5113472590164778,0.5076074136430757,0.5037632013815642,0.4998111642528803,0.49574784423450247,0.4915697832710406,0.4872735232757365,0.4828556061340484,0.47831257370853736,0.4736409678414907,0.4688373303571649,0.4638982030651354,0.4588201277630602,0.453599646237117,0.44823330026611186,0.44271763162001676,0.4370491820639337,0.43122449335656476,0.4252401072527355,0.41909256550385754,0.4127784098573654,0.4062941820584783,0.3996364238496078
1.0058958653179872,1.0037675835149629,1.001623102851574,0.999462521386214,0.9972859371782062,0.995093448286344,0.9928851527693382,0.9906611486868582,0.98842153409696,0.9861664070593221,0.9838958656333996,0.9816100078767819,0.9793089318502848,0.9769927356113441,0.9746615172195829,0.9723153747355371,0.9699544062151841,0.9675787097205537,0.9651883833103538,0.9627835250441032,0.9603642329772759,0.9579306051760605,0.9554827396947437,0.9530207345946135,0.9505446879348998,0.948054697777625,0.9455508621782845,0.9430332791998435,0.9405020469035872,0.9379572633474544,0.9353990265963585,0.9328274347032706,0.9302425857391617,0.9276445777578527,0.9250335088214733,0.9224094769975988,0.919772580340745,0.9171229169205914,0.9144605847891388,0.9117856820210228,0.9090983066706215,0.9063985568069828,0.9036865304880487,0.9009623257833086,0.8982260407535028,0.8954777734641864,0.8927176219771362,0.8899456843649978,0.8871620586856446,0.8843668430115057,0.8815601354006127,0.8787420339256921,0.8759126366518908,0.8730720416519753,0.8702203469809222,0.8673576507148854,0.8644840509338441,0.8615996456906111,0.8587045330526728,0.8557988111059557,0.8528825779089984,0.8499559315333328,0.8470189700634189,0.8440717915596129,0.8411144940881533,0.8381471757396828,0.8351699345760667,0.8321828686850048,0.8291860761111635,0.8261796549682303,0.8231637033013581,0.8201383192089972,0.8171036007490734,0.8140596460111283,0.8110065530713899,0.8079444200034558,0.8048733448810945,0.801793425809176,0.7987047608308978,0.7956074480571438,0.7925015855574504,0.7893872714005417,0.786264603689566,0.783133680494341,0.7799945998983501,0.7768474599874775,0.7736923588559137,0.7705293945739592,0.7673586652206918,0.7641802689106437,0.7609943037027659,0.7578008676955037,0.75460005897063,0.7513919756134599,0.7481767157206485,0.7449543773836829,0.741725058679602,0.7384888576943747,0.735245872540939,0.7319962012853456,0.7287399420274481,0.7254771928616554,0.7222080518778135,0.7189326171628857,0.715650986808566,0.7123632589211569,0.7090695315842634,0.7057699028916575,0.7024644709295815,0.6991533338085201,0.6958365896123004,0.6925143364407373,0.6891866723815918,0.6858536955410792,0.6825155040168327,0.6791721958914829,0.6758238692760659,0.6724706222561706,0.6691125529378014,0.6657497594168522,0.6623823397879406,0.6590103921573831,0.6556340146206056,0.6522533052648709,0.6488683622115481,0.6454792835394837,0.642086167363103,0.6386891117745209,0.6352882148783042,0.6318835747771575,0.6284752895613532,0.6250634573470841,0.621648176224259,0.6182295443065356,0.6148076596822918,0.6113826204621694,0.6079545247485956,0.6045234706444099,0.6010895562481675,0.5976528796701852,0.5942135390098017,0.5907716323700554,0.5873272578564404,0.5838805135751746,0.5804314976279089,0.5769803081214321,0.5735270431572007,0.5700718008465506,0.5666146792882627,0.5631557765950537,0.5596951908622693,0.5562330202054767,0.5527693627259539,0.5493043165304496,0.545837979725702,0.5423704504209425,0.5389018267152608,0.5354322067216949,0.531961688545175,0.5284903702942401,0.52501835007305,0.52154572599062,0.5180725961543761,0.5145990586726968,0.5111252116482131,0.507651153194852,0.5041769814161691,0.5007027944204159,0.4972286903171059,0.4937547672123384,0.49028112321509343,0.48680785643254465,0.4833350649728414,0.4798628469447904,0.47639130045570416,0.47292052361437176,0.4694506145281355,0.46598167130555446,0.4625137920550867,0.4590470748845305,0.45558161790241525,0.4521175192167295,0.4486548769358562,0.4451937891681027,0.44173435402172545,0.43827666960500145,0.43482083402624117,0.43136694539374304,0.42791510181582526,0.4244654014006735,0.42101794225672606,0.4175728224920552,0.4141301402148486,0.4106899935334042,0.4072524805558191,0.40381769939031786,0.4003857481451119,0.3969567249282593,0.39353072784806686
0.9794839643048976,0.9785663266380746,0.9776109359000735,0.9766180651282033,0.9755879873594187,0.9745209756310098,0.9734173029797288,0.9722772424434956,0.9711010670581608,0.9698890498622823,0.9686414638903061,0.9673585821825434,0.9660406777746222,0.9646880237007709,0.9633008930032994,0.9618795587153662,0.9604242938741576,0.9589353715170468,0.9574130646813628,0.9558576464030337,0.9542693897166379,0.9526485676653529,0.9509954532774875,0.9493103195933108,0.9475934396514396,0.9458450864794017,0.9440655331250336,0.9422550526159503,0.9404139179865482,0.93854240227712,0.9366407785227278,0.9347093197597712,0.9327482990201935,0.9307579893349003,0.9287386637405071,0.9266905952810766,0.9246140569771638,0.922509321869218,0.9203766629925161,0.9182163533854545,0.9160286660572602,0.9138138740701097,0.9115722504415952,0.9093040681955467,0.9070096003838037,0.9046891200244938,0.9023429001519712,0.8999712137983972,0.8975743339895039,0.8951525337609569,0.8927060861467624,0.8902352641677133,0.8877403408423723,0.8852215892142211,0.8826792823219697,0.8801136931712319,0.8775250947889897,0.8749137602241989,0.8722799624888051,0.8696239745923031,0.8669460695988621,0.8642465204945402,0.8615256003348438,0.8587835821148027,0.8560207388676704,0.8532373436408074,0.8504336694221353,0.8476099892432777,0.8447665761329158,0.8419037031103912,0.8390216431920129,0.8361206693855514,0.833201054741863,0.8302630722346211,0.8273069949226461,0.8243330958028307,0.8213416478952684,0.818332924207061,0.8153071977870774,0.81226474158391,0.8092058287046368,0.8061307320474302,0.8030397247456963,0.7999330797024069,0.7968110700225501,0.7936739686584378,0.7905220486260482,0.7873555829418293,0.7841748446359075,0.7809801066775388,0.7777716421149008,0.7745497239262892,0.7713146250976773,0.7680666186864563,0.7648059776633471,0.7615329750549571,0.7582478838217552,0.7549509770138461,0.7516425276104501,0.7483228085969998,0.7449920930288273,0.7416506538270504,0.7382987640669272,0.7349366966886968,0.7315647247252881,0.7281831211658806,0.7247921589963557,0.721392111223328,0.7179832508403137,0.7145658508378785,0.7111401842042389,0.7077065239521588,0.7042651430608605,0.7008163145180651,0.6973603113232764,0.6938974064727101,0.6904278729380242,0.686951983733909,0.6834700118263658,0.6799822302305162,0.6764889118968642,0.6729903298520368,0.6694867570580354,0.6659784665265208,0.6624657312080829,0.6589488241198551,0.6554280182372074,0.6519035865370321,0.6483758020221999,0.6448449376635159,0.6413112664486301,0.6377750613575284,0.6342365953800204,0.6306961414923222,0.627153972689314,0.6236103619405461,0.620065582233334,0.6165199065524212,0.612973607867967,0.6094269591819452,0.6058802334541173,0.6023337036809844,0.5987876428297693,0.5952423238956039,0.5916980198467752,0.5881550036678309,0.5846135483436631,0.5810739268445361,0.5775364121568944,0.5740012772550872,0.5704687951256421,0.5669392387441456,0.563412881088472,0.5598899951371936,0.5563708538742175,0.5528557302707178,0.5493448973123505,0.5458386279744981,0.5423371952352618,0.5388408720755036,0.5353499314722581,0.5318646464039003,0.5283852898487426,0.5249121347863598,0.5214454541930095,0.5179855210483078,0.5145326083291154,0.5110869890157196,0.5076489360841724,0.5042187225133526,0.5007966212813667,0.49738290536593377,0.49397784774509773,0.49058172139759837,0.48719479929958226,0.48381735443095525,0.4804496597681648,0.47709198828967336,0.4737446129735061,0.4704078067971844,0.46708184273867165,0.4637669937755766,0.4604635328859936,0.45717173304783854,0.4538918672382206,0.45062420843560735,0.44736902961739056,0.444126603761356,0.44089720384559755,0.43768110284704914,0.4344785737442549,0.43128988951439373,0.4281153231356712,0.4249551475853098,0.42180963584133624,0.41867906088132356,0.41556369568309287,0.4124638132242069,0.40937968648248135
1.000425187416651,0.998780215910537,0.9971094901406707,0.9954132009095545,0.9936915390192163,0.9919446952716733,0.990172860468673,0.9883762254117854,0.986554980901819,0.9847093177406123,0.9828394267296531,0.9809454986710824,0.9790277243668977,0.9770862946199008,0.9751214002320135,0.9731332320038131,0.9711219807378881,0.9690878372356583,0.9670309922993049,0.9649516367298343,0.9628499613312027,0.9607261569038872,0.9585804142499067,0.9564129241702823,0.9542238774676788,0.9520134649407159,0.9497818773892167,0.9475293056130625,0.945255940409124,0.9429619725777394,0.9406475929130165,0.9383129922134109,0.9359583612698157,0.9335838908825949,0.9311897718385411,0.928776194941006,0.9263433509714246,0.9238914307246917,0.9214206249924595,0.9189311245590133,0.9164231202115666,0.9138968027347815,0.9113523628998963,0.908789991515742,0.9062098793345454,0.9036122171529982,0.9009971957358549,0.8983650058720426,0.8957158383159349,0.8930498838593581,0.8903673332413975,0.8876683772632462,0.8849532066672675,0.8822220122162148,0.8794749846731411,0.8767123147869379,0.8739341933014759,0.8711408109899645,0.8683323585542235,0.8655090267929193,0.8626710063840571,0.8598184880967021,0.8569516626532032,0.8540707207752617,0.8511758531715691,0.8482672505634473,0.8453451036731214,0.842409603195405,0.8394609398516595,0.8364993042913865,0.8335248872794107,0.8305378794217598,0.8275384714734386,0.8245268540529874,0.8215032178599293,0.8184677535500943,0.8154206518189603,0.8123621032677157,0.8092922985536406,0.8062114283433195,0.8031196832706515,0.8000172539515978,0.7969043310132884,0.7937811050453407,0.7906477666889206,0.7875045065460401,0.7843515151816041,0.7811889832305332,0.7780171012364023,0.7748360597707171,0.7716460494176528,0.7684472607241952,0.7652398842571231,0.7620241105564092,0.7588001301849128,0.7555681336104931,0.7523283114023755,0.7490808541116499,0.7458259521542189,0.7425637961341811,0.7392945764890556,0.7360184837403503,0.7327357083322841,0.7294464407476948,0.7261508715404402,0.722849191010938,0.719541589767281,0.7162282581588608,0.7129093867026339,0.7095851657548591,0.7062557857978076,0.7029214372554351,0.6995823104882294,0.6962385959695059,0.6928904840669434,0.6895381652026724,0.6861818297293483,0.6828216680654321,0.6794578706009479,0.6760906276564227,0.6727201296518631,0.6693465669373846,0.6659701298689817,0.6625910087956124,0.6592093940653283,0.6558254760343775,0.6524394450205825,0.6490514913726703,0.6456618054208807,0.6422705774833233,0.6388779978792063,0.635484256942946,0.632089544955833,0.6286940522590573,0.6252979691317424,0.6219014858945805,0.6185047928213323,0.6151080802296538,0.6117115383988004,0.608315357611736,0.6049197281575297,0.6015248403303585,0.5981308843800707,0.5947380505983925,0.59134652924382,0.587956510601805,0.5845681849262363,0.581181742485702,0.5777973735463391,0.5744152683525103,0.5710356171663769,0.5676586102521557,0.5642844378456913,0.5609132902109807,0.557545357582836,0.5541808302168361,0.5508198983619816,0.5474627522395297,0.5441095821133091,0.5407605782086685,0.5374159307663378,0.5340758300277049,0.5307404662224482,0.5274100295843618,0.5240847103514794,0.5207646987458907,0.5174501850093909,0.5141413593619959,0.5108384120376755,0.5075415332625604,0.5042509132597162,0.5009667422599856,0.49768921048849457,0.49441850816710464,0.49115482552210354,0.4878983527741346,0.48464928014953845,0.48140779786925475,0.4781740961562211,0.4749483652331958,0.47173079532124995,0.46852157664059446,0.4653208994130057,0.4621289538590013,0.4589459301987391,0.4557720186531009,0.4526074094403433,0.4494522927822455,0.44630685889650035,0.44317129800402966,0.44004580032427276,0.4369305560767067,0.433825755481456,0.430731588758211,0.4276482461268107,0.42457591780705217,0.4215147940189743,0.418465064982066,0.41542692091597494
0.9904893127443595,0.9889373293338485,0.9873583379387851,0.9857525264788336,0.9841200828732668,0.9824611950416245,0.9807760509030942,0.9790648383759143,0.9773277453795326,0.9755649598321072,0.973776669653521,0.9719630627630169,0.9701243270795099,0.9682606505244346,0.966372221015672,0.9644592264733972,0.9625218548169991,0.9605602939656247,0.9585747318407767,0.956565356358852,0.9545323554440219,0.9524759170147429,0.9503962289890713,0.9482934792902662,0.9461678558363434,0.9440195465474601,0.941848739341679,0.9396556221393588,0.9374403828533245,0.9352032094078916,0.9329442897163798,0.9306638116984174,0.928361963268123,0.9260389323443246,0.9236949068367372,0.9213300746646771,0.9189446237479437,0.9165387419926854,0.9141126173196708,0.91166643763567,0.9092003908481281,0.9067146648761636,0.9042094476303995,0.9016849270178172,0.8991412909486688,0.8965787273189971,0.8939974240564941,0.8913975690586605,0.8887793502157155,0.8861429554652553,0.883488572674697,0.8808163897878509,0.8781265946638628,0.8754193752323647,0.8726949193731357,0.8699534150031524,0.8671950499896388,0.8644200122643374,0.861628489684432,0.8588206701760772,0.8559967415965404,0.8531568918342073,0.8503013087943068,0.8474301803465146,0.8445436943824095,0.8416420387661014,0.8387254013872909,0.8357939701217982,0.8328479328424676,0.8298874774302939,0.8269127917254628,0.8239240636108971,0.8209214809872347,0.8179052316637649,0.8148755035218749,0.8118324844545913,0.8087763622611092,0.8057073248535029,0.8026255600308151,0.7995312556710829,0.796424599635355,0.7933057797346856,0.7901749838360144,0.7870323997498949,0.7838782153337847,0.7807126184324901,0.7775357968216046,0.7743479384015873,0.7711492309182355,0.7679398622403754,0.7647200201761166,0.7614898925107576,0.7582496671075204,0.7549995316989149,0.751739674154418,0.7484702822360105,0.7451915437507519,0.7419036464998725,0.7386067782506894,0.7353011268291063,0.7319868799583931,0.728664225477932,0.725333351112998,0.7219944446580984,0.7186476938792064,0.7152932865450352,0.7119314104165848,0.7085622532448208,0.7051860027792702,0.7018028467848271,0.6984129729855161,0.6950165691676763,0.6916138230325382,0.6882049223368567,0.6847900547958997,0.6813694081625112,0.6779431701616723,0.674511528506056,0.6710746709521064,0.6676327851559721,0.6641860589098663,0.6607346798789603,0.657278835791792,0.6538187143590185,0.6503545032802994,0.6468863902686955,0.643414563047175,0.6399392092576223,0.6364605166566513,0.6329786729092446,0.6294938657265554,0.6260062827802029,0.6225161117825185,0.6190235404132145,0.6155287563716323,0.6120319473167305,0.6085333009646526,0.6050330049613842,0.6015312470207606,0.5980282148078248,0.5945240960016196,0.5910190782813071,0.5875133493215768,0.584007096795176,0.5805005083768152,0.576993771742052,0.5734870745544423,0.5699806044947313,0.566474549222076,0.5629690964116743,0.5594644337350234,0.5559607488406754,0.55245822941976,0.5489570631200775,0.5454574376149475,0.5419595405702342,0.5384635596405747,0.5349696824996397,0.5314780968044137,0.5279889902225673,0.5245025504092456,0.5210189650322941,0.5175384217512952,0.5140611082263288,0.5105872121195318,0.507116921092254,0.503650422803595,0.5001879049156681,0.49672955508841865,0.49327556098097863,0.48982611025425904,0.48638139056819907,0.4829415895822735,0.4795068949563195,0.4760774943496576,0.47265357542249886,0.46923532583451655,0.4658229332456987,0.4624165853162149,0.45901646970591814,0.4556227740748303,0.45223568608215214,0.4488553933880496,0.44548208365224107,0.4421159445347487,0.43875716369513296,0.435405928794001,0.43206242748975543,0.4287268474431588,0.4253993763142434,0.42208020176281713,0.4187695114498325,0.41546749303484365,0.41217433417898497,0.4088902225424164,0.40561534578608777,0.4023498915704402,0.3990940475560921,0.3958480014034558
0.9891355882866777,0.9872570644647589,0.9853744478436204,0.9834875553353106,0.9815962038549542,0.9797002103204426,0.9777993916498899,0.9758935647581248,0.9739825465544815,0.9720661539407327,0.9701442038086805,0.968216513039668,0.9662828985056799,0.9643431770672724,0.9623971655715271,0.9604446808522813,0.9584855397311465,0.9565195590187233,0.9545465555154631,0.9525663460122824,0.9505787472914212,0.9485835761256622,0.9465806492771769,0.9445697834924898,0.9425507954987782,0.9405235019996165,0.9384877196696984,0.9364432651472282,0.9343899550267236,0.9323276058569596,0.9302560341345552,0.9281750562993725,0.9260844887322183,0.9239841477519395,0.9218738496055245,0.9197534104698596,0.9176226464551671,0.9154813736063266,0.9133294079079708,0.9111665652835231,0.9089926616018154,0.9068075126728634,0.9046109342559873,0.9024027420634873,0.9001827517642661,0.8979507789942349,0.8957066393586575,0.8934501484425108,0.8911811218163767,0.8888993750477789,0.8866047237105794,0.8842969833948211,0.8819759697152344,0.8796414983161326,0.8772933848830746,0.8749314451561815,0.872555494931645,0.8701653500717825,0.8677608265179927,0.8653417402935913,0.8629079075165048,0.8604591444040824,0.857995267278777,0.8555160925803151,0.8530214368724085,0.8505111168520458,0.847984949363849,0.8454427514094374,0.8428843401599341,0.8403095329750205,0.8377181474103426,0.8351100012335343,0.8324849124410341,0.8298426992810704,0.827183180273809,0.8245061742345758,0.8218115003025341,0.819098977971726,0.8163684271258315,0.8136196680684438,0.8108525215615137,0.8080668088606466,0.8052623517650714,0.8024389726517553,0.7995964945224924,0.796734741040773,0.7938535365799935,0.790952706262692,0.7880320759982815,0.7850914725223231,0.7821307234306643,0.7791496572094816,0.776148103259313,0.773125891913579,0.770082854454091,0.7670188231251568,0.7639336311367964,0.7608271126752895,0.7576991028928416,0.7545494379203016,0.751377954857597,0.7481844917681473,0.744968887686467,0.741730982614704,0.7384706175200957,0.7351876343455237,0.7318818760182928,0.7285531864622483,0.725201410618441,0.7218263944637693,0.7184279850445853,0.7150060305222521,0.7115603801986178,0.70809088458066,0.7045973954377677,0.7010797658675962,0.6975378503908696,0.6939715050331945,0.6903805874606567,0.6867649571165518,0.6831244754055914,0.6794590059090653,0.6757684146633849,0.6720525705074734,0.6683113455348542,0.6645446156771295,0.6607522614768263,0.656934169118235,0.6530902318591533,0.649220352040815,0.6453244440967247,0.641402439241891,0.637454293445191,0.6334800027277716,0.6294796389506657,0.6254534647928162,0.6214025610592168,0.6173287981426928,0.61323420995907,0.6091208934843699,0.6049909785155704,0.6008466148923229,0.5966899660351075,0.592523205323417,0.5883485138164049,0.5841680787434489,0.5799840924601246,0.575798751678832,0.5716142569060814,0.5674328119827516,0.5632566237407556,0.5590879016758286,0.5549288577203144,0.5507817060066771,0.5466486626720493,0.5425319456960287,0.5384337747335599,0.5343563709838071,0.5303019570510371,0.5262727568356453,0.5222709954122561,0.5182988989315889,0.5143586945350459,0.5104526102670196,0.5065828750085533,0.5027517184034163,0.49896137079623004,0.49521406317434935,0.4915120271176111,0.4878574947435689,0.48425269866284326,0.4806998719409077,0.477201248046891,0.47375906082839503,0.4703755444613059,0.46705293342552134,0.463793462467353,0.46059936656900385,0.457472880926811,0.4544162409146437,0.4514316820693982,0.4485214400665405,0.4456877506972122,0.44293284985717574,0.4402589735263406,0.4376683577554475,0.4351632386573686,0.43274585239112306,0.4304184351553927,0.428183223180873,0.42604245272137525,0.42399836004867764,0.422053181453363,0.4202091532402096,0.41846851171953847,0.41683349321651275,0.4153063340624457,0.41388927059728464,0.4125845391666625
1.0034502000489536,1.000857508422216,0.9979391609177914,0.9949027502654189,0.9919555635741935,0.9893041067455303,0.9869190807681243,0.9847649901327475,0.9828054485231106,0.9810036815620173,0.9793226792396401,0.9777252511819918,0.9761740529295582,0.9746316134467885,0.973060359456958,0.97142263558848,0.9696807207473591,0.9677968446159534,0.9657332033925639,0.9634519727086945,0.9609153169373228,0.9580853968857073,0.9549243769742868,0.9513944334361004,0.9474577658319867,0.9430766156087905,0.9382132944523645,0.9328302356422581,0.9268901102318934,0.9203563024714858,0.9134414746480272,0.9063678621630498,0.8993582251961058,0.8926354871637001,0.8864226434153748,0.8809427205148433,0.8764187511269588,0.8730737503454975,0.8711306830887862,0.8708123988160635,0.8723414190500668,0.875937970931942,0.8811424742851177,0.8874946541689883,0.8945340290707232,0.9018000268603885,0.9088320337754676,0.91516942220494,0.9203515735462281,0.9239179070860568,0.9254079360037959,0.9243614797148152,0.9210541179533814,0.915809131924588,0.9089501332754291,0.9008008342958522,0.8916849869987763,0.8819263538569926,0.8718486844739696,0.861775687522951,0.8520309825380815,0.8429379761556597,0.8348192627474805,0.8278936344052166,0.8220738309100977,0.8172711952575936,0.8133966375909025,0.8103608951492655,0.8080746169354722,0.8064484001718617,0.8053928093377145,0.8048183880492711,0.804635667178208,0.8047551723283889,0.8050874321743582,0.8055429880870263,0.8060324050407839,0.8064662858516153,0.8067552903117075,0.8068101572461323,0.8065417344757261,0.8058610337551291,0.8046793122617971,0.8029082106523514,0.80046012469088,0.7972502435264668,0.7934000861253152,0.7890324531034147,0.7842704521330319,0.7792373063492771,0.7740562902003812,0.7688506996430772,0.7637438324871094,0.7588589722616701,0.7543193711139128,0.75024822824435,0.7467686537237617,0.7440035963886039,0.7420756553926707,0.741106215149169,0.7409845410202498,0.7415284152409558,0.7425536401824778,0.7438754825994659,0.7453089605237537,0.7466689422351346,0.7477701950605895,0.7484274143046382,0.7484552438852174,0.7476682948470548,0.7458811623117931,0.7429084430891381,0.738564756567238,0.7326647781591169,0.7250233171845274,0.7154556814108999,0.704471024045456,0.6925795483011606,0.680291676300966,0.6681179184522813,0.6565688235426255,0.6461549490496227,0.6373868350857035,0.6307749651881681,0.62682966896174,0.6260605979273428,0.6280018120077366,0.6321864767705961,0.6381475521267657,0.645417916969568,0.6535304142389103,0.6620178757347941,0.6704131410345042,0.6782490752265904,0.6850585889810293,0.6903746689047869,0.6937304293944629,0.6946592251174342,0.6926950238254614,0.688140023425232,0.6813080213962746,0.6725132970753903,0.6620702792936392,0.6502934642770505,0.6374973814699401,0.6239965746028838,0.6101055889767553,0.5961389606554838,0.582411204565248,0.5692367990197564,0.5569301601174277,0.5458055912183759,0.5361771391576988,0.5283578077450047,0.5222014499986057,0.517559854034368,0.514284299356396,0.5122258197587086,0.5112353035705379,0.5111635454116548,0.5118612802362252,0.5131792061720135,0.5149680008145738,0.5170783344593708,0.5193608829119808,0.5216663415249513,0.5238454430871903,0.5257489845565383,0.5272278797018226,0.5281332773614037,0.5283169591485997,0.5276442573832256,0.5261864908324247,0.5240155989644717,0.5212037580594318,0.5178232823977458,0.5139465844948139,0.5096461518555991,0.5049945333323648,0.500064326328606,0.4949281645641066,0.4896587053099326,0.4843286158297394,0.47901055874684667,0.47377717450399204,0.4687010522854845,0.4638546733612472,0.4593102485363793,0.45513887974796297,0.4513178649355851,0.4478220700655597,0.4446259910684647,0.44170397764289204,0.4390303046341074,0.43657920506892617,0.43432488942187947,0.43224155931714386,0.4303034199643265,0.4284846946253368
1.001801623081833,1.0002765671315976,0.9987227576823163,0.9971404087666493,0.9955297344172938,0.9938909486670939,0.9922242655483993,0.9905298990944076,0.9888080633375187,0.9870589723106626,0.9852828400462404,0.9834798805773064,0.9816503079361534,0.9797943361561852,0.977912179268976,0.9760040513085567,0.9740701663060685,0.9721107382963177,0.9701259813100294,0.9681161093815376,0.9660813365416461,0.9640218768252256,0.9619379442640708,0.9598297528888797,0.9576975167354556,0.9555414498364023,0.9533617662205582,0.9511586799256757,0.9489324049804377,0.9466831554220493,0.9444111452754985,0.9421165885839138,0.9397996993707296,0.9374606916723824,0.9350997795223994,0.9327171769519055,0.9303130979927641,0.9278877566835528,0.9254413670497494,0.9229741431235654,0.9204862989476768,0.9179780485410052,0.9154496059438471,0.912901185194129,0.9103330003132918,0.9077452653446123,0.9051381943064384,0.9025120012429967,0.8998669001820307,0.8972031051657575,0.894520830213826,0.8918202893679037,0.8891016966504222,0.8863652660989257,0.8836112117511316,0.8808397476399008,0.8780510877889527,0.8752454462368098,0.8724230370174074,0.8695840741523413,0.8667287716738443,0.8638573436484513,0.8609700040654249,0.8580669669806493,0.8551484464137364,0.8522146564133664,0.8492658109957213,0.8463021242010398,0.8433238100628916,0.8403310825990442,0.8373241558671864,0.8343032438801232,0.8312685606861385,0.8282203203041194,0.8251587367504047,0.8220840241066404,0.8189963963546932,0.8158960675533717,0.812783251735183,0.8096581629201426,0.8065210151400147,0.8033720224341734,0.800211398846819,0.7970393583768886,0.7938561150994784,0.790661883000848,0.7874568761563154,0.784241308566901,0.781015394263801,0.7777793473069832,0.7745333817045724,0.771277711489682,0.7680125507101753,0.7647381133956586,0.7614546135451636,0.7581622652386971,0.7548612824775037,0.7515518793002767,0.7482342697275235,0.74490866781678,0.7415752875753598,0.7382343430553866,0.7348860482680617,0.7315306172620843,0.7281682640589622,0.7247992027001189,0.7214236472111915,0.7180418116073107,0.7146539099596415,0.7112601562460835,0.7078607645625797,0.7044559488605823,0.701045923275482,0.6976309017432227,0.6942110983511496,0.6907867270919398,0.6873580020266109,0.6839251371678818,0.680488346581242,0.6770478442396315,0.6736038442385477,0.670156560563833,0.6667062072535542,0.6632529983508244,0.6597971478839002,0.6563388698864654,0.6528783783818973,0.6494158874213508,0.6459516109897956,0.6424857631856589,0.6390185579790768,0.6355502094087228,0.6320809315534583,0.6286109383979959,0.6251404439950966,0.6216696623689053,0.6181988075440588,0.6147280935597961,0.6112577344514752,0.6077879442418986,0.6043189369499103,0.6008509266362206,0.5973841273124617,0.5939187530099335,0.5904550177640712,0.5869931356119142,0.5835333205694245,0.5800757866707686,0.5766207479608692,0.5731684184495319,0.5697190121894442,0.5662727431918587,0.5628298255056414,0.559390473149407,0.5559549001441049,0.5525233205476648,0.5490959483698036,0.5456729976517003,0.5422546824152412,0.5388412166990781,0.5354328145272103,0.5320296899432486,0.5286320569678494,0.5252401296215136,0.5218541219549323,0.5184742479854386,0.5151007217496347,0.5117337572811902,0.5083735686006604,0.5050203697473264,0.501674374747853,0.4983357976358317,0.4950048524383821,0.49168175318813856,0.4883667139151283,0.48505994865114777,0.48176167142804793,0.4784720962717838,0.47519143721891427,0.471919908294629,0.4686577235322562,0.46540509696274146,0.46216224261698824,0.4589293745234866,0.4557067067151137,0.45249445322168325,0.4492928280736723,0.44610204530133213,0.44292231893632167,0.4397538630086747,0.43659689154944237,0.4334516185890406,0.4303182581577565,0.4271970242867872,0.42408813100662407,0.4209917923477665,0.41790822234090325,0.4148376350167532,0.41178024440595584
1.011394992885616,1.0175544107852517,1.0211007388835538,1.022466773398952,1.0220853145949,1.0203886506963031,1.0178061769595177,1.0145708562348073,1.0108281290710537,1.006717288232783,1.0023722409118632,0.9979167214928214,0.9934470134221328,0.989050488983591,0.9848124993071525,0.9808174071394744,0.9771489010562233,0.973890060394265,0.971123242362183,0.9689296539188911,0.9673880034930727,0.9665701115373313,0.9661298751637515,0.9657147474504882,0.9649712820084589,0.9635458114790351,0.9610848011895556,0.9572354350629609,0.9516500342006415,0.9446496088689379,0.9365593802446268,0.9277053893905848,0.9184138719323108,0.9090109737878255,0.8998224193133558,0.8911728104215878,0.8833839633174142,0.8767632205559562,0.8715736500262926,0.8679605679504259,0.8660478248174728,0.865948877667913,0.8677679149150175,0.8710592110439641,0.8753399332008933,0.880123597741967,0.8849219494502983,0.8892458244711451,0.8926056395048823,0.8945117678846274,0.894474992495071,0.8920096528366579,0.8877702302499636,0.8824133450855693,0.8765960711268985,0.8709754803876267,0.8662081085956748,0.862946861617584,0.8609358556959039,0.8599163214157464,0.8596285997756459,0.8598126935426522,0.8602085619563833,0.8605564260261328,0.860597318711638,0.860074606622036,0.858740802235856,0.8563728390737022,0.8529847465269171,0.848719100991068,0.8437214664416163,0.8381379938433685,0.8321149277766701,0.8257982780378007,0.8193333676729593,0.8128643958719252,0.8065346308727223,0.8004865355699287,0.7948617318172063,0.7898007589460107,0.7854425765359041,0.7819227639433023,0.7792866198689297,0.7774652604654362,0.7763845993769517,0.7759642958606928,0.7760788808117969,0.7763600147844416,0.7764363310435178,0.7759355899624917,0.7744852692696576,0.7717129233267263,0.7672467029459092,0.7607173878373463,0.7526251581513302,0.7435020196431917,0.7338839000775574,0.7243081031555432,0.715312456188638,0.7074349349535308,0.7012133317550199,0.6971844458976045,0.6958782303594939,0.6967045415853685,0.6990702314961038,0.7023815557381545,0.7060447034069823,0.7094661783390295,0.7120538752987081,0.7132260731264531,0.7130842124654249,0.7118038738650141,0.7095669564427333,0.7065565899671742,0.7029562133027452,0.6989492741638272,0.6947190212154394,0.6904482536853278,0.6863186995972889,0.6825087077105616,0.6791844341179073,0.6764836115027898,0.6745335294868299,0.6734373682292144,0.6729909685042397,0.672982194030002,0.6731966085940391,0.6734188666160814,0.6734332521686175,0.6730239820506475,0.6719754997194122,0.6700730899375625,0.6671056116494797,0.6631031051358546,0.6581561313186605,0.652358311871863,0.645804671774524,0.6385913253848948,0.6308155655486432,0.6225761537471919,0.6139740237595424,0.6051129043269117,0.5961005343779474,0.5870536912308519,0.5781743278841486,0.5696777448403465,0.5617806716364485,0.5547001828771639,0.5486533301481691,0.5438567374306165,0.5405248581163775,0.5384311976679332,0.5373437136134208,0.5370293686586682,0.5372548041605123,0.5377866039894902,0.538391421619931,0.5388360372526007,0.538887419132414,0.538312742863303,0.5368794222998446,0.5343552748253935,0.5305092108270899,0.525117868752612,0.5185146279612042,0.5110342470145066,0.5030117759858801,0.4947822063708732,0.48668021953770313,0.4790399332155072,0.4721946908972394,0.46647658756330324,0.46221460308284823,0.45923562597099565,0.4573291191691441,0.4562821796693247,0.4558812775861423,0.4559127450548811,0.45616309491655316,0.4564195985328249,0.45647312113097466,0.45627359507664245,0.4557836810549491,0.45496754778523374,0.45378979758951243,0.4522151170188649,0.450208107213557,0.44773320811870615,0.4447547046094796,0.44123673565069677,0.4371432805513701,0.43243806943866653,0.42708444246154864,0.421045333521004,0.4142834338060786,0.40676139639546716,0.3984420247590566,0.3892886030977401,0.3792657508350509
1.0303317715447926,1.0274834058026772,1.0246350083054072,1.0217865293713673,1.0189379193191526,1.0160891284672213,1.0132401071339925,1.0103908056381299,1.007541174298182,1.004691163432474,1.0018407233598403,0.9989898043984031,0.9961383568670659,0.9932863310840765,0.9904336773679221,0.987580346037375,0.9847262874113396,0.9818714518073615,0.979015789545697,0.9761592509426766,0.9733017863183291,0.9704433459925146,0.9675838802795109,0.9647233395031947,0.961861673979103,0.9589988340273626,0.9561347699644545,0.9532694321123509,0.9504027707875435,0.9475347363115565,0.9446652789986012,0.9417943491729572,0.9389218971502226,0.9360478732497381,0.9331722277913627,0.930294911096907,0.9274158734832979,0.9245350652657335,0.9216524367700446,0.9187679383093514,0.9158815202121647,0.9129931327912184,0.9101027263681619,0.9072102512593705,0.904315657794208,0.901418896285084,0.8985199170479932,0.895618670415016,0.8927151066930918,0.889809176219867,0.8869008292991051,0.8839900162620745,0.881076687425989,0.8781607931133928,0.875242283642012,0.8723211093326887,0.8693972205235457,0.8664705675087626,0.8635411006312786,0.8606087702111891,0.8576735265557098,0.8547353200158088,0.8517941008855356,0.8488498194949188,0.8459024261898237,0.8429518712727694,0.8399981050637799,0.8370410779198855,0.8340807401173769,0.8311170420245994,0.828149933936776,0.8251793661997959,0.8222052891278204,0.8192276530602947,0.816246408299627,0.8132615052134685,0.8102728940884059,0.8072805252549409,0.8042843490907844,0.8012843158677321,0.7982803759522756,0.7952724796467109,0.7922605772940035,0.7892446192230489,0.7862245557755713,0.7832003372870215,0.7801719140400648,0.7771392364277158,0.7741022547577868,0.7710609193687994,0.7680151805848816,0.7649649887519772,0.7619102942028608,0.758851047244074,0.7557871982728063,0.7527186975783149,0.7496454955071208,0.7465675424059626,0.743484788618656,0.740397184462401,0.7373046802872667,0.7342072264332514,0.7311047732336905,0.7279972710694037,0.7248846702065213,0.7217669210589055,0.7186439739544419,0.7155157791887249,0.712382287157518,0.7092434481910089,0.7060992126405008,0.7029495308250349,0.6997943531222928,0.69663362987914,0.6934673114121352,0.6902953480893536,0.6871176902819867,0.6839342882810157,0.680745092508961,0.6775500532246246,0.6743491208663863,0.6711422457457442,0.6679293782399249,0.6647104686508134,0.661485467379241,0.6582543247519587,0.6550169911436398,0.6517734168822172,0.6485235523540304,0.6452673478825772,0.6420047538412471,0.638735720609226,0.6354601984790592,0.6321781378747439,0.6288894891150515,0.625594202573755,0.6222922285993562,0.6189835175548699,0.6156680197974856,0.6123456856854538,0.6090164655924151,0.6056803098567815,0.6023371688570158,0.59898699293839,0.5956297324841778,0.5922653378252595,0.5888937593413492,0.5855149473935432,0.5821288523466432,0.5787354245526597,0.5753346143784144,0.5719263721972527,0.5685106483551265,0.5650873932231409,0.5616565571644576,0.5582180905419369,0.5547719437250062,0.5513180670645641,0.5478564109366915,0.544386925701867,0.5409095617184363,0.5374242693583289,0.5339309989860558,0.5304297009590849,0.5269203256477953,0.523402823416969,0.5198771446296437,0.5163432396481722,0.5128010588467671,0.5092505525782327,0.5056916712153134,0.5021243651198775,0.4985485846601664,0.49496428019909383,0.4913714021028795,0.4877699007359554,0.4841597264638271,0.4805408296521644,0.4769131606663151,0.47327666987057715,0.469631307631526,0.46597702431359395,0.4623137702829328,0.45864149590434794,0.45496015154335967,0.45126968756536007,0.447570054335746,0.4438612022198616,0.4401430815830867,0.4364156427907996,0.4326788362083306,0.42893261220120815,0.4251769211345582,0.42141171337392636,0.417636939284603,0.4138525492319113,0.41005849358123597,0.4062547226979504,0.4024411869473491
1.0025968359039368,1.0000572088260495,0.9975141605577924,0.9949676636141693,0.9924176905100786,0.989864213760643,0.9873072058806508,0.9847466393851783,0.9821824867891527,0.9796147206075374,0.9770433133556709,0.9744682375475271,0.9718894656994382,0.9693069703253085,0.9667207239403988,0.9641306990598864,0.9615368681987586,0.9589392038710802,0.95633767859359,0.9537322648799191,0.9511229352451103,0.9485096622049622,0.9458924182726796,0.9432711759652832,0.9406459077962568,0.938016586281351,0.9353831839337252,0.9327456732738637,0.9301040268093574,0.9274582170571157,0.9248082165370661,0.9221539977586521,0.9194955332381709,0.916832795490831,0.9141657570327043,0.911494390374642,0.9088186680375713,0.9061385625315511,0.9034540463719072,0.9007650920770534,0.8980716721575603,0.8953737591276394,0.8926713255088246,0.8899643438057064,0.8872527865406888,0.884536626230277,0.8818158353782252,0.8790903865182966,0.8763602521400224,0.8736254047747797,0.8708858169390518,0.8681414611280466,0.865392309879142,0.8626383357036032,0.8598795110945315,0.8571158086032753,0.8543472006991889,0.8515736599348748,0.8487951587959307,0.8460116698298848,0.8432231655198595,0.8404296183853004,0.8376310009669792,0.8348272857373232,0.8320184452448551,0.8292044519924692,0.8263852784866643,0.8235608972410139,0.8207312807859358,0.8178964016145229,0.8150562322674032,0.8122107452276667,0.8093599130226878,0.8065037081686994,0.8036421031847404,0.8007750705764523,0.7979025828542332,0.7950246125341514,0.7921411321231044,0.7892521141593839,0.786357531125828,0.7834573555497213,0.7805515599534054,0.7776401168315221,0.7747229986968277,0.7718001780857895,0.7688716274893023,0.7659373194417227,0.7629972264114652,0.7600513209679134,0.7570995755891196,0.7541419627946059,0.7511784551118614,0.7482090250092418,0.7452336450611415,0.7422522877372848,0.7392649255624851,0.7362715310481196,0.7332720767105675,0.7302665350513242,0.7272548785916476,0.7242370798511082,0.7212131113240179,0.7181829455304437,0.7151465549961824,0.7121039121885911,0.7090549896851779,0.7059997599340709,0.7029381954977186,0.6998702688445078,0.6967959525269974,0.6937152190429856,0.6906280408806309,0.6875343905785117,0.6844342406302735,0.6813275635586262,0.6782143318737519,0.6750945180910152,0.6719680946963963,0.6688350342394013,0.6656953091974676,0.6625488921143691,0.6593957554614012,0.6562358717839614,0.6530692135743428,0.6498957533514647,0.6467154636197875,0.6435283168875653,0.6403342856809529,0.6371333424998483,0.6339254598554426,0.6307106102531258,0.6274887662152742,0.6242599002450292,0.6210239848481101,0.6177809925450035,0.6145308958373791,0.6112736672395723,0.6080092792636741,0.6047377044101969,0.6014589152051321,0.5981728841445784,0.5948795837502772,0.5915789865208033,0.588271064977521,0.5849557916046788,0.5816331389583876,0.5783030794991757,0.5749655857741612,0.5716206302593777,0.5682681855026157,0.5649082239842266,0.5615407182287031,0.5581656407401248,0.5547829640220365,0.5513926605973404,0.5479947029675478,0.5445890636530669,0.5411757151407779,0.5377546299576125,0.534325780610182,0.5308891396090163,0.5274446794594592,0.523992372673698,0.5205321917610206,0.5170641092311828,0.5135880975918048,0.5101041293552971,0.5066121770279534,0.5031122131205263,0.4996042101434617,0.4960881406039652,0.49256397701313703,0.48903169188144824,0.4854912577139585,0.4819426470259443,0.4783858323208382,0.4748207861118898,0.47124748090807855,0.467665889217482,0.46407598354998125,0.46047773641505185,0.45687112032221067,0.45325610778048514,0.44963267129951856,0.4460007833883417,0.4423604165565699,0.4387115433134837,0.435054136168092,0.43138816763007765,0.4277136102087317,0.42403043641351806,0.42033861875347367,0.41663812973814035,0.412928941876745,0.40921102767863166,0.40548435965331,0.40174891030992577,0.39800465215788566
0.9881994557733746,0.9872914970358526,0.9863456044143312,0.9853620506387908,0.9843411084389716,0.9832830505449295,0.9821881496863722,0.981056678593302,0.9798889099955982,0.9786851166231896,0.9774455712057061,0.9761705464733119,0.9748603151562132,0.9735151499835316,0.9721353236854067,0.9707211089920622,0.96927277863292,0.967790605338559,0.9662748618381463,0.9647258208619971,0.9631437551396753,0.9615289374012811,0.959881640376843,0.9582021367957406,0.9564906993890072,0.9547476008851019,0.9529731140142602,0.9511675115071563,0.9493310660929362,0.9474640505017626,0.9455667374634721,0.943639399707995,0.9416823099652112,0.9396957409648423,0.9376799654371248,0.9356352561117851,0.9335618857181123,0.9314601269874629,0.9293302526469147,0.9271725354306463,0.9249872480656771,0.9227746632813585,0.9205350538096091,0.9182686923767673,0.9159758517198341,0.9136568045609259,0.9113118236329443,0.9089411816670958,0.9065451513901353,0.904124005539314,0.9016780168335693,0.899207458011261,0.8967126017983612,0.8941937209254959,0.8916510881222844,0.8890849761228324,0.8864956576507084,0.8838834054336261,0.8812484922131658,0.8785911907121458,0.8759117736541198,0.873210513781526,0.8704876838198609,0.8677435564949885,0.8649784045329518,0.8621925006774434,0.85938611764462,0.8565595281798947,0.8537130049993492,0.8508468208367905,0.8479612484277846,0.8450565604921917,0.8421330297598062,0.8391909289783759,0.8362305308449455,0.8332521081369146,0.8302559335230424,0.8272422797982154,0.8242114196462851,0.821163625808946,0.8180991710329955,0.8150183280171137,0.8119213695186553,0.8088085682475076,0.8056801969542371,0.8025365283577001,0.7993778351839885,0.7962043901583802,0.7930164660419609,0.7898143355263266,0.7865982713656047,0.7833685462361025,0.78012543296944,0.7768692042095431,0.7736001327457995,0.7703184912430102,0.7670245524994544,0.763718589156802,0.7604008740517321,0.7570716798422011,0.7537312792821633,0.7503799450816994,0.7470179500184146,0.743645566758923,0.7402630680653742,0.7368707266972635,0.7334688153442541,0.730057606713256,0.7266373735856146,0.7232083886754169,0.7197709247032937,0.7163252544028292,0.7128716505032272,0.7094103857694182,0.705941732870443,0.7024659645517358,0.698983353580426,0.6954941726643478,0.6919986945176756,0.6884971918954358,0.6849899375143104,0.6814772040934248,0.6779592643852069,0.6744363911026136,0.6709088569827569,0.6673769347637168,0.663840897145545,0.6603010169102729,0.6567575667424106,0.6532108193825197,0.6496610475665464,0.6461085240301185,0.6425535214766125,0.6389963126754477,0.6354371703200148,0.6318763671571126,0.6283141759188672,0.6247508693349934,0.6211867201328743,0.6176220010283551,0.6140569847784195,0.6104919440856068,0.6069271517048511,0.6033628803485198,0.5997994027470157,0.5962369916491194,0.5926759197646171,0.5891164598177956,0.5855588845661643,0.5820034667162646,0.5784504790075105,0.5749001941678946,0.5713528849286681,0.5678088240169354,0.5642682841672281,0.5607315380991702,0.5571988585527032,0.5536705182587396,0.5501467899360714,0.5466279463250282,0.5431142601526646,0.539606004144632,0.5361034510408109,0.5326068735585168,0.5291165444406162,0.5256327364017569,0.5221557221876513,0.5186857745168509,0.515223166123798,0.5117681697381946,0.5083210580881845,0.50488210390694,0.5014515799205654,0.4980297588611409,0.49461691345942754,0.4912133164416186,0.4878192405422095,0.48443495848740675,0.48106074300847224,0.4776968668360323,0.4743436026987471,0.4710012233275873,0.46767000145125237,0.46435020980050623,0.46104212110488507,0.45774600809428284,0.4544621434989585,0.4511908000482243,0.4479322504722362,0.44468676750090863,0.4414546238638887,0.43823609229157734,0.4350314455132721,0.43184095625921026,0.4286648972591376,0.4255035412429401,0.4223571609405543,0.41922602908181805,0.4161104183966249
1.0061003917989944,1.006028601365994,1.005866626284234,1.0056155655479668,1.0052765181467995,1.0048505830640917,1.004338859276448,1.0037424457508264,1.0030624414420848,1.0022999452918566,1.001456056225717,1.0005318731515807,0.9995284949590708,0.9984470205159504,0.9972885486678535,0.9960541782360515,0.9947450080170126,0.9933621367809011,0.9919066632697136,0.990379686194274,0.9887823042367097,0.9871156160451007,0.9853807202358293,0.9835787153890134,0.9817107000521257,0.9797777727312093,0.9777810318981192,0.9757215759873193,0.9736005033928516,0.9714189124725342,0.9691779015431004,0.966878568882181,0.9645220127287035,0.962109331281145,0.9596416226995331,0.9571199851012845,0.9545455165674245,0.9519193151370229,0.9492424788122449,0.9465161055548766,0.943741293290256,0.9409191399063845,0.9380507432521425,0.9351372011394079,0.9321796113469887,0.9291790716143785,0.9261366796514336,0.9230535331309154,0.9199307296970995,0.9167693669613348,0.913570542506083,0.9103353538855877,0.9070648986272165,0.9037602742321528,0.9004225781781137,0.8970529079187819,0.8936523608874535,0.8902220344957801,0.886763026134997,0.8832764331765096,0.8797633529715635,0.8762248828527155,0.8726621201321724,0.8690761621025851,0.8654681060394344,0.8618390491995109,0.8581900888197027,0.8545223221175073,0.8508368462914073,0.8471347585169401,0.8434171559470521,0.8396851357119972,0.8359397949183669,0.832182230646341,0.8284135399481265,0.824634819847823,0.8208471673391756,0.8170516793804741,0.8132494528986666,0.8094415847800075,0.8056291718707058,0.8018133109721499,0.7979950988378995,0.7941756321715219,0.7903560076159737,0.7865373217571294,0.7827206711119702,0.7789071521260166,0.7750978611661687,0.7712938945120056,0.7674963483562928,0.7637063187894662,0.7599249017896209,0.7561531932216831,0.7523922888249259,0.748643284198158,0.7449072747919875,0.7411853559002812,0.7374786226311828,0.7337881699070085,0.7301150924364044,0.7264604846962588,0.7228254409069431,0.7192110549994684,0.7156184205815693,0.7120486309083293,0.7085027788053305,0.7049819566303298,0.701487256180489,0.6980197686035418,0.6945805842633447,0.6911707925658375,0.6877914817398151,0.6844437385251423,0.6811286477158239,0.6778472914915962,0.6746007483490846,0.6713900911817701,0.6682163834061419,0.6650806687838984,0.6619839290754919,0.6589252334457242,0.655903003422506,0.6529156260069445,0.6499614757330695,0.6470389207076188,0.6441463250556229,0.6412820502117722,0.6384444556512787,0.6356318993596581,0.6328427381435066,0.6300753278604952,0.627328023580744,0.6245991797137891,0.6218871500940562,0.6191902880645723,0.6165069465318013,0.6138354780263705,0.6111742347308219,0.6085215685310067,0.6058758310327269,0.6032353736006011,0.6005985473712847,0.5979637032827778,0.5953291920881514,0.5926933643669308,0.590054570554485,0.5874111609338473,0.5847614856654373,0.5821038947897507,0.5794367382355057,0.5767583658407319,0.574067127338357,0.571361372387146,0.5686394505658005,0.5658997113788355,0.5631405042697721,0.5603601786202419,0.5575570837592008,0.55472956896648,0.5518759834742708,0.5489946764779234,0.5460839971327275,0.5431422945654754,0.5401679178688622,0.5371592161133998,0.5341145383471884,0.5310322335979912,0.5279106508777579,0.5247481391831685,0.5215430474997542,0.5182937248026274,0.5149985200586382,0.5116557822277359,0.508263860264348,0.5048211031181427,0.5013258597366458,0.4977764790629381,0.49417131003917514,0.4905087016047277,0.4867870026976693,0.4830045622541381,0.47915972920947986,0.4752508524977715,0.47127628105196206,0.4672343638031583,0.46312344968195707,0.4589418876168643,0.4546880265360216,0.4503602153664896,0.44595680303418483,0.44147613846503664,0.4369165705841789,0.43227644831692846,0.4275541205895929,0.4227479363282706,0.41785624446045255,0.4128773939140753,0.4078097336182391
0.9801485244950818,0.9804194797135962,0.980597808778731,0.9806845641524076,0.9806807982620748,0.9805875634943383,0.9804059121877031,0.980136896626465,0.9797815690316198,0.9793409815555274,0.978816186274316,0.9782082351829386,0.9775181801891779,0.9767470731050769,0.9758959656410124,0.9749659094012203,0.9739579558765508,0.9728731564394183,0.9717125623338754,0.9704772246679261,0.9691681944045989,0.967786522353082,0.9663332591635921,0.9648094553189576,0.9632161611245772,0.9615544266934919,0.9598253019377203,0.9580298365571357,0.9561690800231935,0.9542440815634745,0.9522558901435337,0.950205554450781,0.9480941228709753,0.9459226434656387,0.943692163944708,0.941403731637786,0.9390583934612993,0.9366571958812197,0.9342011848815017,0.9316914059198993,0.9291289038909043,0.9265147230806218,0.9238499071268554,0.9211354989713142,0.9183725408196758,0.9155620740977541,0.9127051394146828,0.9098027765261819,0.9068560243080398,0.9038659207273341,0.9008335028369772,0.8977598067579182,0.8946458676860105,0.8914927199014945,0.8883013967796132,0.8850729308116856,0.8818083536362324,0.878508696064212,0.8751749881159334,0.871808259046512,0.8684095373894084,0.8649798509815328,0.861520227001676,0.8580316919960569,0.8545152719149879,0.8509719921371682,0.8474028774993825,0.8438089523261992,0.8401912404548494,0.8365507652565173,0.8328885496629653,0.8292056161842275,0.8255029869292584,0.8217816836262326,0.8180427276380826,0.8142871399722804,0.8105159412954372,0.8067301519419514,0.8029307919259024,0.7991188809441203,0.7952954383854552,0.791461483330514,0.7876180345494008,0.7837661104983406,0.7799067293185196,0.7760409088260066,0.7721696665052928,0.768294019497775,0.7644149845884056,0.7605335781954664,0.7566508163582127,0.7527677147198395,0.7488852885144421,0.7450045525523268,0.7411265212011073,0.7372522083714808,0.7333826274939466,0.7295187915005701,0.7256617128001015,0.7218124032534711,0.7179718741395732,0.7141411361225741,0.710321199200064,0.7065130726598905,0.7027177650121115,0.6989362839199644,0.6951696361064235,0.691418827256381,0.6876848618946952,0.6839687432369882,0.6802714730197987,0.6765940512913678,0.6729374761599403,0.6693027434899522,0.6656908465450454,0.6621027755505181,0.6585395171732478,0.6550020539026457,0.6514913633287578,0.6480084172884445,0.6445541808953942,0.6411296114030992,0.6377356569093808,0.6343732548419293,0.6310433301813596,0.6277467933563408,0.6244845375926998,0.6212574356400742,0.6180663353353512,0.6149120533811998,0.6117953658250018,0.6087169913913051,0.605677555571944,0.6026774743002522,0.5997154458351629,0.5967897823837875,0.59389870318314,0.5910403803312096,0.5882129566161809,0.5854145538041235,0.5826432773837509,0.5798972196153803,0.5771744616963412,0.5744730753629992,0.571791124096664,0.5691266640932497,0.5664777450331346,0.56384241071722,0.5612186995976675,0.5586046451966773,0.5559982764858902,0.5533976181617611,0.5508006908982809,0.5482055115549951,0.5456100933307116,0.5430124459214828,0.5404105756340012,0.5378024854945567,0.5351861753503928,0.5325596419657369,0.52992087910599,0.5272678776469562,0.5245986256601473,0.5219111085330624,0.5192033090590922,0.5164732075771885,0.5137187820816438,0.5109380083764928,0.5081288601948717,0.5052893093656832,0.502417325934867,0.4995108783267458,0.49656793346727046,0.4935864569211128,0.4905644130221267,0.48749976497991904,0.48439047500694543,0.4812345044032378,0.4780298136650392,0.47477436255780286,0.47146611020522633,0.46810301515563607,0.46468303544652095,0.46120412867159555,0.4576642520210249,0.4540613623400559,0.4503934161641766,0.4466583697639388,0.4428541791743539,0.43897880022960745,0.4350301885913264,0.43100629977576843,0.4269050891731867,0.42272451207127254,0.4184625236765924,0.41411707912679807,0.4096861335092995,0.40516764186968657,0.4005595592243058
0.9694145883387306,0.9745962205883819,0.9789695234717174,0.9825242139560563,0.9852670424532839,0.9872055626126578,0.9883475665459592,0.9887009503420717,0.9882736838149595,0.9870738439884597,0.985109732122709,0.9823902306523443,0.9789271878552406,0.9748868550553206,0.9704372284451016,0.9657465785118755,0.9609832429667916,0.956315539054201,0.9519117305863602,0.9479400350674981,0.9445686381198789,0.9419656780622907,0.9402991911011427,0.9397369972277045,0.940446419433346,0.9425932755978101,0.945756359097513,0.9495120092519528,0.9534361553507908,0.9571046288512852,0.9600932923721963,0.9619781924363406,0.9623361089458943,0.9612875511667756,0.9589551905056347,0.9554627725922146,0.9509348279147193,0.9454964913692343,0.9392734491235808,0.9323920525384365,0.9249801448015854,0.9171716625751243,0.9091044061905103,0.9009172330916314,0.8927494260120631,0.8847405031560975,0.877030144252574,0.8697581646030167,0.863064502590895,0.8570892028158418,0.851972366428536,0.8478540884899707,0.8448743585808881,0.8431728337956509,0.8428883924300895,0.8436369304066983,0.845032417509259,0.8466884281799909,0.8482184204481353,0.849235860602465,0.8493543248906014,0.8481877396425263,0.8453513541798038,0.841157775152453,0.8359202372749699,0.8299521112633929,0.823566765783624,0.8170774432432469,0.8107970051602915,0.8050371940626704,0.7998713771262167,0.7952699511593886,0.7912012814323147,0.7876332547872125,0.7845336093595807,0.781870062960292,0.7796103804219634,0.7777223803562537,0.776173902855384,0.7749327500200762,0.7739666145409445,0.7732429821549021,0.7727290790529532,0.7723919526819487,0.7721985816885982,0.772115966513172,0.7721112326445202,0.7721519109633523,0.7722071633546977,0.7723679943260956,0.7727308012010445,0.7733926493687784,0.7744508360564719,0.7760027324423466,0.7781456732864336,0.7809767955922037,0.7845925016188418,0.789070250480556,0.793718162767826,0.7978436274824562,0.8007538260991294,0.8017558912387315,0.8001570183104121,0.7952646152577605,0.7863868800310678,0.774245176282687,0.7595757876200038,0.7431158587551817,0.7256028477345463,0.7077743434624102,0.6903679650052841,0.674121245959184,0.6597713272809933,0.6480422332438378,0.6386409730755441,0.6312740732960265,0.6256479505352806,0.6214690138339272,0.618443722176145,0.6162786180768496,0.6146803668476388,0.613355834710665,0.6120122903410984,0.6103588528630205,0.6085604245464663,0.6067827425638346,0.605191761376228,0.6039534933364434,0.6032339286594557,0.603198959371748,0.6040142603371839,0.6058447747616814,0.6081686857650186,0.6104631910148266,0.6122053069334931,0.6128720462311078,0.6119405856261897,0.6088891750922235,0.6043761203237542,0.5990602987949756,0.5936006973679888,0.5886562760509478,0.584885850098303,0.582947985383094,0.5835007277096297,0.5871990416114898,0.5928019665791615,0.5990664795084896,0.6047492082865937,0.6086066823439507,0.6093954486137306,0.6058721975043541,0.5967939714964996,0.5809192245680501,0.5604568965829633,0.5376169155694465,0.5146094271710118,0.4936446150805357,0.47693257259193966,0.4666830529433727,0.4651038975735795,0.4701494257570346,0.4797733856980051,0.4919293739359077,0.5045709768025377,0.515651922900949,0.5231267119932316,0.5273120892721276,0.5285281475555333,0.5270955457984162,0.523335191316918,0.5175681150651941,0.5101153995323027,0.501298115488884,0.4914372500859658,0.48085365497087285,0.46986804834683654,0.45880104270123645,0.447973126070961,0.437704578232107,0.4283150545283774,0.42010481104475017,0.4130035613873908,0.4069404793948016,0.4018445979409605,0.39764494616371193,0.39427069647195545,0.39165168686547713,0.38978800126550595,0.38871285475145656,0.3884600321378151,0.3890634304121283,0.3905569199232116,0.3929741961178204,0.3963484583215414,0.40070860005950026,0.40548967461306595,0.4101263264128575,0.41405310766509
0.992416283809175,0.9911389169024661,0.9898231824348556,0.9884694159004874,0.9870779527927729,0.985649128605919,0.9841832788333237,0.9826807389696754,0.9811418445073887,0.9795669309412415,0.9779563337647095,0.9763103884717687,0.9746294305564531,0.972913795510577,0.9711638188315029,0.9693798360088199,0.9675621825393257,0.9657111939151015,0.9638272056297235,0.9619105531775318,0.9599615720505206,0.9579805977439226,0.9559679657527327,0.9539240115649215,0.9518490706785508,0.949743478582771,0.9476075707756619,0.945441682747981,0.9432461499879028,0.9410213079939618,0.9387674922528598,0.9364850382692214,0.9341742815247681,0.9318355575116282,0.9294692017241432,0.9270755496557299,0.9246549367960445,0.9222076986383818,0.9197341706652771,0.9172346883777731,0.9147095872691061,0.9121592028177585,0.9095838705203316,0.9069839258595127,0.9043597043332732,0.9017115414333947,0.8990397726527324,0.8963447334588038,0.8936267593541312,0.8908861858074786,0.8881233483413947,0.8853385824233501,0.8825322235336928,0.879704607174955,0.8768560687927051,0.8739869439349377,0.8710975680535236,0.8681882766095881,0.8652594051000382,0.8623112890415435,0.8593442638738708,0.8563586650861185,0.8533548281969295,0.8503330886188645,0.8472937818978835,0.8442372434717462,0.8411638088431088,0.8380738134497737,0.8349675928214433,0.8318454823869091,0.8287078176452923,0.82555493405875,0.8223871671157069,0.8192048522807875,0.8160083250204875,0.8127979208168721,0.8095739751280268,0.806336823423879,0.8030868011820691,0.7998242438477303,0.7965494869202249,0.7932628658594914,0.7899647160838617,0.7866553731111767,0.7833351723654888,0.7800044493684074,0.7766635394866823,0.7733127782293938,0.769952501079993,0.7665830434528513,0.7632047408507999,0.7598179286317599,0.756422942380977,0.7530201174203695,0.7496097893332992,0.7461922934594434,0.7427679653450885,0.7393371403173894,0.7359001539371908,0.7324573415551943,0.7290090387406685,0.725555580796855,0.7220973032581981,0.7186345415417759,0.7151676310704346,0.7116969073265194,0.7082227057056069,0.704745361664488,0.7012652106525069,0.6977825880630878,0.694297829366728,0.6908112699607462,0.6873232453654974,0.6838340909203935,0.6803441420284937,0.6768537342600824,0.6733632029019985,0.6698728834629096,0.6663831113224162,0.6628942219186644,0.6594065507283418,0.6559204331136261,0.65243620449747,0.6489542003222823,0.6454747560013314,0.641998206978754,0.6385248886261207,0.6350551363952109,0.6315892856951306,0.6281276719594505,0.6246706305808104,0.6212184969728071,0.6177716065781016,0.6143302947817066,0.6108948970011716,0.6074657486573051,0.6040431851877952,0.6006275419359745,0.5972191543789065,0.5938183578887026,0.5904254878986246,0.5870408798209563,0.5836648690198851,0.5802977909490422,0.5769399809962398,0.5735917745931679,0.5702535071041722,0.5669255139726762,0.56360813058718,0.5603016923649042,0.5570065346984026,0.5537229930045581,0.550451402669724,0.5471920991191975,0.5439454177454682,0.5407116939626275,0.5374912631637925,0.5342844607559396,0.5310916221418281,0.5279130827204419,0.5247491779040347,0.5216002430860305,0.5184666136711217,0.5153486250663997,0.5122466126689629,0.5091609118795217,0.5060918581019793,0.5030397867386799,0.5000050331865907,0.49698793285360576,0.4939888211327773,0.49100803343462496,0.48804590515155055,0.4851027716892786,0.4821789684467639,0.47927483082533684,0.4763906942248628,0.4735268940462871,0.47068376569246195,0.46786164455942125,0.4650608660506469,0.4622817655664742,0.45952467850614254,0.45678994027041986,0.454077886259717,0.451388851874051,0.4487231725141593,0.4460811835798848,0.4434632204711657,0.4408696185888754,0.43830071333273046,0.435756840102391,0.43323833429931,0.43074553132266474,0.4282787665728948,0.4258383754503393,0.4234246933548889,0.42103805568686287,0.41867879784628803
0.9812270406550119,0.9798627101505768,0.9784727260565649,0.9770572514271367,0.9756164493168534,0.9741504827796645,0.972659514869477,0.9711437086407955,0.9696032271471258,0.9680382334427569,0.9664488905809537,0.9648353616171385,0.9631978096052571,0.9615363975990386,0.9598512886537527,0.9581426458235245,0.9564106321613819,0.9546554107242184,0.9528771445636939,0.9510759967356732,0.9492521302953884,0.9474057082979948,0.9455368937960953,0.9436458498450142,0.941732739501608,0.9397977258180863,0.937840971848191,0.9358626406478473,0.9338628952741377,0.9318418987733028,0.9297998142063151,0.9277368046212854,0.9256530330772365,0.9235486626237133,0.9214238563154307,0.9192787772061672,0.9171135883481594,0.9149284527978103,0.9127235336036768,0.9104989938203325,0.90825499650351,0.90599170470065,0.9037092814634138,0.901407889851281,0.899087692906873,0.8967488536879029,0.894391535245177,0.892015900628955,0.8896221128937227,0.8872103350874817,0.8847807302682538,0.8823334614809815,0.879868691779736,0.8773865842153317,0.8748873018365718,0.8723710076947027,0.869837864845256,0.867288036331432,0.8647216852045125,0.8621389745159469,0.8595400673151141,0.8569251266506296,0.8542943155693813,0.8516477971228336,0.8489857343572,0.8463082903220658,0.8436156280669644,0.8409079106327827,0.8381853010750643,0.8354479624403227,0.8326960577707447,0.8299297501204529,0.8271492025318027,0.8243545780558542,0.8215460397370798,0.8187237506240628,0.8158878737650636,0.8130385722041006,0.8101760089914597,0.8073003471706087,0.8044117497913615,0.8015103798971135,0.79859640053776,0.7956699747544477,0.7927312655956851,0.7897804361077861,0.7868176493328289,0.7838430683196393,0.7808568561120136,0.7778591757529797,0.7748501902927255,0.7718300627685197,0.7687989562308423,0.7657570337212685,0.7627044582885907,0.7596413929711663,0.7565680008182399,0.7534844448726807,0.7503908881795347,0.7472874937832882,0.7441744247268236,0.7410518440536974,0.7379199148108776,0.7347788000371046,0.7316286627814392,0.728469666085028,0.7253019729908277,0.7221257465434684,0.7189411497861481,0.7157483457618448,0.7125474975148323,0.7093387680855618,0.706122320519902,0.702898317860117,0.6996669231491772,0.6964282994284263,0.6931826097425178,0.6899300171329703,0.6866706846449083,0.6834047753190403,0.6801324521977813,0.6768538783253114,0.6735692167409457,0.6702786304921927,0.6669822826165557,0.6636803361582109,0.6603729541592961,0.6570602996644137,0.6537425357103,0.650419825344377,0.647092331605712,0.6437602175360758,0.640423646179549,0.6370827805750703,0.6337377837662668,0.6303888187967354,0.6270360487036303,0.6236796365311784,0.6203197453212981,0.6169565381141022,0.6135901779513623,0.610220827874159,0.606848650924222,0.6034738101424385,0.6000964685694871,0.5967167892473768,0.593334935215891,0.5899510695164394,0.5865653551899691,0.583177955276872,0.5797890328176463,0.5763987508538317,0.5730072724254117,0.5696147605734548,0.5662213783387642,0.5628272887609973,0.5594326548813459,0.5560376397401479,0.5526424063775841,0.5492471178348086,0.5458519371516038,0.5424570273681395,0.5390625515248312,0.5356686726618893,0.5322755538200524,0.5288833580389455,0.5254922483592819,0.5221023878207101,0.5187139394644418,0.5153270663293209,0.5119419314566033,0.5085586978855353,0.5051775286568385,0.5017985868101164,0.4984220353852217,0.49504803742265024,0.49167675596205607,0.48830835404362216,0.4849429947076318,0.4815808409945096,0.4782220559434545,0.474866802594624,0.471515243988144,0.46816754316372944,0.4648238631613309,0.4614843670204475,0.45814921778144047,0.4548185784835567,0.45149261216674064,0.44817148187074846,0.4448553506351753,0.4415443815004272,0.4382387375060566,0.4349385816921631,0.4316440770984394,0.4283553867650343,0.4250726737319791,0.42179610103894877,0.41852583172597463
1.0159932662017583,1.0152772411393474,1.014361614625883,1.0132556420982173,1.0119685775291956,1.010509675047964,1.0088881897803539,1.007113377523703,1.0051944929111016,1.0031407856479653,1.0009614945966956,0.9986658396935258,0.996263011725693,0.9937621596661846,0.9911723755676908,0.9885026781928993,0.9857620003400981,0.9829591833667903,0.9801029782668387,0.9772020505120738,0.9742649846529976,0.9713002889060419,0.9683163996086961,0.965321683344873,0.9623244350983158,0.9593328697949943,0.9563551031262907,0.9533991119285855,0.9504726577629923,0.947583113089082,0.9447370476930177,0.9419391883553695,0.9391904799277899,0.936489175956394,0.9338322968692646,0.93121620200314,0.9286368268118586,0.9260898103950375,0.9235705704694035,0.9210743536499162,0.9185962746808335,0.916131348074745,0.9136745135834503,0.9112206583394546,0.9087646350151344,0.9063012765121996,0.9038254079959612,0.9013318574967955,0.8988154667430462,0.8962711047465963,0.89369368753705,0.8910782113291744,0.8884198155622698,0.8857139160720042,0.8829565283114379,0.8801452090241788,0.8772818166234779,0.8743725356267196,0.871424881081069,0.8684468551287914,0.8654466826537323,0.8624327013233806,0.8594133092303711,0.8563969363074555,0.8533920262255086,0.850407021882523,0.8474503508536336,0.8445304069068613,0.8416555214418191,0.8388339102654584,0.8360735500084633,0.8333818140838473,0.83076405451105,0.8282198588025329,0.8257471721300613,0.8233434186790398,0.8210057809386548,0.8187312989729492,0.8165169159089757,0.8143595002900283,0.8122558573521178,0.8102027332878581,0.8081968151333729,0.8062347258781132,0.8043130142823118,0.8024281371666763,0.8005764302041631,0.7987540638390737,0.7969569757422912,0.7951807537611904,0.7934204307097141,0.7916700572789044,0.7899217265724249,0.7881648541036326,0.7863870767803436,0.7845749775026988,0.7827145140020946,0.7807912308174889,0.7787903714294138,0.7766969462785147,0.7744957733606403,0.7721715060714813,0.7697086561089065,0.7670916186706273,0.7643046968950387,0.7613321259650001,0.7581580948361131,0.7547667642092584,0.7511422804391482,0.7472687868639603,0.74313043425386,0.7387113925979342,0.7339958665433975,0.7289681184793662,0.7236125067410755,0.7179135581266866,0.7118561335235691,0.7054259237704441,0.6986127315005116,0.6914869873648652,0.6841207046179887,0.6765864078280207,0.6689568498795232,0.6613048959778337,0.6537034690234816,0.6462255201756811,0.6389440102905543,0.6319318951746694,0.6252621094426336,0.6190075432007642,0.6132410016458161,0.6080351294687175,0.6034622514297486,0.5995939637217156,0.5964994483937701,0.5941067474795219,0.5923411802786438,0.5911272568941132,0.5903891390522528,0.5900508219891716,0.5900362196881657,0.5902692069349353,0.5906736424219742,0.5911733849779666,0.5916923099038425,0.5921543318552562,0.5924834436484903,0.5926037842967695,0.5924397645948086,0.5919163505387305,0.5909600020560266,0.5895058090034725,0.5875823978591763,0.5852203837281209,0.5824510312478819,0.5793058801757092,0.5758166043648774,0.5720149530254184,0.5679327223280156,0.563601739741258,0.5590538544148951,0.5543209309531865,0.5494348449274786,0.5444274793309645,0.53933072171382,0.5341764624411366,0.528996594502373,0.5238230146950439,0.5186876257593775,0.5136223392460977,0.5086590789556995,0.5038297842847403,0.49916641266462447,0.4947009398514318,0.49046535719605977,0.48649166676353156,0.4828118755890307,0.47945798889424945,0.4764620017981238,0.47385588863818934,0.4716715876986741,0.46994097567037824,0.4686958188414226,0.46796766690980585,0.4677875757926442,0.46818492546267765,0.4690251598790429,0.4701711089271405,0.47148497354109276,0.47282870085829865,0.474064114181308,0.4750529680667223,0.4756569758181244,0.4757378253882544,0.4751571902156881,0.47377673718621394,0.471458132447258,0.4680630455769339,0.4634531521835833
1.032808226873978,1.031068419305226,1.0292571913544986,1.0273760657265492,1.0254265651178434,1.0234102122151596,1.0213285296930734,1.019183040212559,1.0169752664183305,1.0147067309360787,1.0123789563688352,1.0099934652946028,1.0075517802613208,1.0050554237826244,1.0025059183342007,0.9999047863469437,0.9972535502039696,0.994553732232765,0.991806854700209,0.9890144398070017,0.9861780096794063,0.9832990863646682,0.9803791918225644,0.9774198479203133,0.9744225764211247,0.9713888989825303,0.9683203371417568,0.9652184123129427,0.9620846457751863,0.9589205586645833,0.9557276719613199,0.9525075064808647,0.9492615828626165,0.9459914215571745,0.942698542810104,0.939384466648592,0.9360507128657107,0.9326988010032644,0.9293302503258057,0.925946579811081,0.9225493081077056,0.9191399535305902,0.9157200340090332,0.9122910670677875,0.9088545697879826,0.9054120587561085,0.9019650500277766,0.8985150590592695,0.895063600646046,0.8916121888514768,0.8881623369006955,0.8847155570811942,0.881273360603214,0.8778372574184448,0.8744087560275149,0.8709893631616754,0.8675805834208328,0.8641839186979456,0.8608008673268156,0.8574329227225971,0.8540815709491836,0.8507482858522477,0.8474345165489676,0.8441416360537672,0.8408692463122615,0.8376167453691448,0.8343834935391381,0.8311688362838916,0.8279721113191822,0.8247926517090973,0.8216297874371121,0.8184828463321165,0.8153511546295676,0.8122340373554113,0.8091308185817359,0.8060408216199944,0.8029633691607431,0.7998977833889025,0.7968433860634617,0.7937994985921903,0.7907654420912142,0.7877405374265725,0.78472410526217,0.781715466095434,0.7787139402867596,0.7757188480882216,0.7727295096726742,0.7697452451554024,0.7667653746189821,0.7637892181340797,0.7608160957830234,0.7578453276814262,0.7548762339980875,0.7519081349857354,0.7489403509970853,0.7459722025228324,0.7430030102158656,0.7400320949284303,0.7370587777522374,0.7340823800662775,0.731102223594165,0.7281176304640978,0.725127923302388,0.722132425321934,0.7191304604592453,0.716121353539706,0.7131044304932257,0.7100790186760375,0.7070444472766358,0.70400004797458,0.700945155918924,0.6978791113871551,0.6948012631517931,0.691710986780699,0.6886086889218498,0.6854948202036887,0.6823698485415814,0.6792342511599755,0.6760885110824605,0.6729331152582515,0.669768553509626,0.6665953178242754,0.6634139019198031,0.6602248009269398,0.6570285111603498,0.6538255299612218,0.6506163555578586,0.6474014869777606,0.6441814239606997,0.6409566669038447,0.637727716805408,0.6344950752255681,0.6312592442536363,0.6280207264725423,0.6247800249439427,0.621537643176325,0.6182940851173421,0.6150498551308163,0.6118054579885949,0.6085613988548441,0.6053181832814573,0.6020763171914396,0.5988363068737603,0.5955986589837405,0.592363880519033,0.5891324788334438,0.5859049616145217,0.582681836882732,0.5794636129891393,0.576250798604383,0.5730439027117118,0.5698434346061202,0.5666499038777448,0.5634638204177949,0.5602856943942353,0.557116036253109,0.5539553567071646,0.5508041667234406,0.5476629775076148,0.5445323005058504,0.5414126473761264,0.5383045299897579,0.5352084604154157,0.5321249509066611,0.5290545138933882,0.5259976619706213,0.522954907892098,0.5199267645539332,0.5169137449928858,0.5139163623726699,0.5109351299776276,0.5079705612052178,0.505023169556186,0.5020934686290257,0.4991819721123928,0.4962891937786553,0.49341564747700173,0.4905618471284535,0.4877283067181136,0.48491554029338957,0.4821240619570059,0.47935438586109186,0.4766070262068962,0.4738824972364759,0.47118131323248147,0.46850398851304065,0.4658510374286805,0.4632229743598726,0.4606203137137401,0.4580435699225489,0.45549325744025615,0.4529698907412598,0.4504739843184996,0.448006052680571,0.44556661035082207,0.44315617186565304,0.44077525177247223,0.4384243646283442,0.43610402499854917
0.997759099559762,0.9962775214884567,0.9947715095062885,0.9932411862483768,0.9916866743497976,0.9901080964456779,0.9885055751711056,0.986879233161153,0.9852291930509216,0.9835555774755372,0.9818585090700133,0.9801381104695284,0.978394504309132,0.9766278132241376,0.9748381598493538,0.9730256668201839,0.9711904567715386,0.9693326523388739,0.9674523761568066,0.9655497508608102,0.963624899086207,0.9616779434676946,0.9597090066408682,0.9577182112407111,0.9557056799023369,0.9536715352610846,0.9516158999520075,0.9495388966102336,0.9474406478711243,0.9453212763699776,0.9431809047414383,0.9410196556211405,0.9388376516443072,0.9366350154460769,0.9344118696614072,0.93216833692583,0.9299045398745025,0.9276206011424567,0.925316643365163,0.9229927891776437,0.9206491612153895,0.9182858821133782,0.9159030745069666,0.9135008610312321,0.9110793643217293,0.908638707013316,0.9061790117415311,0.9037004011416114,0.9012029978483171,0.8986869244976217,0.8961523037235899,0.8935992581632966,0.8910279104498356,0.88843838322005,0.8858307991076775,0.8832052807493207,0.8805619507790143,0.8779009318319432,0.8752223465437474,0.8725263175489323,0.8698129674823908,0.8670824189805499,0.864334794674748,0.8615702172025224,0.8587888092010125,0.8559906932987155,0.8531759921372751,0.8503448283466214,0.8474973245626473,0.8446336034218569,0.8417537875531332,0.8388579995964179,0.8359463621851629,0.8330189979495787,0.8300760295316179,0.8271175795564771,0.8241437706677794,0.8211547254896722,0.8181505666628827,0.8151314168181901,0.8120973985912541,0.8090486346112161,0.8059852475204234,0.802907359935151,0.7998150945092207,0.7967085738692461,0.7935879206351012,0.7904532574511869,0.7873047069551848,0.7841423917667026,0.7809664345274194,0.7777769578616996,0.7745740844119674,0.7713579367995871,0.7681286376636048,0.7648863096311039,0.7616310753354008,0.7583630574100585,0.7550823784727773,0.7517891611761389,0.7484835281361045,0.7451656019826615,0.7418355053544724,0.7384933608808917,0.7351392911783982,0.7317734188907465,0.7283958666405655,0.7250067570621184,0.7216062127724733,0.7181943564204069,0.7147713106203654,0.7113371980022949,0.7078921411993091,0.7044362628304743,0.7009696855352279,0.6974925319302369,0.6940049246462745,0.6905069863117154,0.6869988395624642,0.6834806070037307,0.6799524112817606,0.6764143750172729,0.6728666208312861,0.669309271357336,0.6657424492151778,0.6621662770230308,0.6585808774271877,0.6549863730378065,0.6513828864822093,0.6477705403854228,0.6441494573756449,0.640519760068661,0.6368815710974556,0.6332350130830431,0.6295802086526174,0.6259172804198294,0.6222463510183613,0.6185675430720874,0.6148809791969687,0.611186782021953,0.607485074162877,0.6037759782577484,0.6000596169106436,0.596336112754493,0.5926055884166717,0.5888681665050313,0.5851239696573808,0.5813731204844922,0.5776157416181298,0.5738519556743118,0.5700818852753697,0.5663056530456996,0.562523381604663,0.5587351935784175,0.5549412115834824,0.5511415582454507,0.547336356184292,0.5435257280235024,0.5397097963830538,0.5358886838855581,0.5320625131524069,0.5282314068050754,0.5243954874655442,0.5205548777554337,0.5167097002960198,0.5128600777092942,0.5090061326167125,0.5051479876397337,0.5012857654003238,0.4974195885199615,0.49354957961999457,0.48967586132239355,0.4857985562481738,0.48191778702002197,0.478033676258665,0.4741463465862012,0.4702559206241125,0.4663625209944521,0.46246627031861465,0.4585672912179372,0.45466570631506265,0.4507616382305539,0.4468552095873013,0.44294654300623393,0.4390357611096019,0.435122986518614,0.4312083418555216,0.4272919497418991,0.4233739327994511,0.419454413650048,0.41553351491538093,0.4116113592173412,0.4076880691775968,0.40376376741796066,0.39983857656023625,0.39591261922618826,0.39198601803760863,0.3880588956162804,0.3841313745839876
1.0034706229402266,1.0030251028568156,1.0024897589281838,1.0018658320050458,1.0011545629379301,1.0003571925768533,0.9994749617710713,0.9985091113687776,0.9974608822175384,0.9963315151640361,0.9951222510533326,0.9938343307279167,0.9924689950266791,0.9910274847862806,0.9895110408385921,0.9879209040106578,0.9862583151235,0.9845245149920707,0.9827207444230273,0.9808482442154616,0.9789082551576302,0.9769020180268301,0.9748307735891512,0.9726957625956464,0.9704982257808756,0.9682394038616144,0.9659205375329276,0.9635428674668672,0.961107634309806,0.9586160786846878,0.9560694411835746,0.9534689623676998,0.9508158827654768,0.9481114428697581,0.9453568831387774,0.9425534439886902,0.9397023657971322,0.9368048888943316,0.9338622535646899,0.930875700043363,0.9278464685115342,0.9247757990993755,0.9216649318765335,0.918515106853014,0.9153275639754046,0.9121035431284554,0.9088442841231004,0.9055510267037988,0.9022250105353851,0.8988674752094141,0.8954796602373732,0.8920628050435802,0.8886181489710354,0.885146931267111,0.8816503910902797,0.878129767491891,0.8745862994291199,0.8710212257482257,0.867435785179634,0.8638312163428605,0.8602087577281883,0.856569647702978,0.8529151244942884,0.8492464261879107,0.8455647907156525,0.8418714558589445,0.8381676592289425,0.8344546382621832,0.830733630215928,0.8270058721579313,0.8232726009462084,0.8195350532342935,0.8157944654582173,0.8120520738173658,0.8083091142693188,0.8045668225114863,0.8008264339880529,0.797089183832305,0.7933563068892359,0.789629037675927,0.7859086103569056,0.7821962587345967,0.7784932161952224,0.7748007157156083,0.771119989788712,0.7674522704062792,0.7637987890004093,0.7601607764015574,0.7565394627767403,0.752936077547582,0.7493518493252153,0.7457880058209558,0.7422457737179202,0.7387263785716156,0.7352310446253019,0.7317609946375957,0.7283174496101379,0.7249016284793937,0.7215147476706161,0.7181580205164141,0.7148326564040893,0.7115398596029784,0.708280827419238,0.7050567471474932,0.7018687905073757,0.698718102196752,0.6956057693435165,0.6925326903935032,0.689497756628986,0.6864995756939521,0.6835366777037011,0.6806075575982073,0.677710689955288,0.674844535918808,0.6720075471308999,0.6691981682225655,0.6664148384861808,0.6636559931140709,0.6609200640709451,0.6582054808113037,0.6555106707712114,0.6528340598019508,0.6501740724410963,0.6475291321685537,0.644897661598553,0.6422780825950855,0.639668816402969,0.6370682837524031,0.634474904909641,0.6318870997605359,0.6293032878625641,0.6267218884761718,0.6241413206234901,0.6215600030896274,0.618976354492329,0.6163887932633385,0.6137957376980518,0.6111956059594081,0.6085868161035526,0.6059677860774255,0.6033369337485003,0.6006926769041466,0.5980334332626233,0.5953576204857965,0.5926636561833122,0.5899499579183863,0.5872149432210697,0.5844570295847101,0.5816746344769811,0.5788661753440892,0.5760300696138233,0.5731647347015102,0.5702685880132563,0.5673400469488739,0.5643775289067624,0.5613794512846492,0.558344231483875,0.5552702869109336,0.5521560349799736,0.5489998931169437,0.5458002787578019,0.54255560935208,0.5392643023636753,0.5359247752701629,0.5325354455673937,0.5290947307669895,0.5256010483989646,0.5220528160117008,0.5184484511720577,0.5147863714643438,0.5110649944924072,0.5072827378775282,0.5034380192594275,0.49952925629645295,0.49555486666118076,0.4915132680448893,0.48740287815333355,0.48322211470770493,0.4789693954436366,0.4746431381102584,0.4702417604684412,0.4657636802903465,0.4612073153594741,0.45657108346825453,0.45185340241866134,0.44705269002024167,0.4421673640893611,0.43719584244953136,0.4321365429291725,0.42698788336103394,0.42174828158273514,0.41641615543456556,0.410989922759051,0.40546800140118544,0.3998488092072033,0.39413076402468766,0.38831228370170523,0.38239178608765645,0.3763676890319815
1.066932232774522,1.0587008733921173,1.0486717396927594,1.0377920571369281,1.0270089652420924,1.0172691618795089,1.0084891595725751,1.0005500894338974,0.9933326269424241,0.9867173496891344,0.9805848642906893,0.9748159226853461,0.9692915331931662,0.9638929694823342,0.9585017285105903,0.9529994799186248,0.9472680189965365,0.9411892773130455,0.934645439297213,0.9275194789902559,0.9203054360248455,0.9134993710712093,0.907597649167577,0.9030966843817867,0.900492786755483,0.9002818920240117,0.9029585762646708,0.9078102326367056,0.9141201384755191,0.9211709795698737,0.9282451969136747,0.9346250961840468,0.9395928760428598,0.942430639839354,0.9424204388506774,0.9388443424952094,0.930984562865664,0.9181239096342675,0.9023793154908593,0.8858692038488388,0.870712272792698,0.8590272893464228,0.8529329718187318,0.8545478251378479,0.8659895197523731,0.884021455358658,0.9053960045773236,0.9268650700038139,0.9451804647734263,0.9570940860675833,0.9593582830818724,0.9537447930159514,0.9420330644894984,0.9260029109506587,0.9074342052630089,0.8881067253919073,0.8697998982674935,0.8542919799623102,0.8413841870336773,0.8308728083523194,0.8225533272927449,0.8162209270322143,0.8116706225342999,0.8086972948257661,0.8070956665288939,0.8066602125188145,0.8071849344641591,0.8084627235285206,0.8102838973189709,0.8124355902251232,0.8147031982657489,0.8168712374051681,0.8187237057640034,0.8200442861273053,0.8206164744907317,0.82022366590861,0.8186492359989067,0.8156766479279307,0.8110896481051697,0.8046730061012355,0.7968989487264688,0.788242118417092,0.7791778128528268,0.7701816059145586,0.7617291837294472,0.7542962403368197,0.748358364910501,0.7443907975665333,0.7428673065498996,0.744100238975652,0.747332422824348,0.7518060729175418,0.7567632550431906,0.7614460150702,0.7650964656664109,0.7669568879280002,0.766269940699844,0.7622795972245658,0.7559701358790851,0.7483275911496291,0.7403383065478347,0.732988694922556,0.7272650765969824,0.7241532712439152,0.7229618804205891,0.7229946745086823,0.7235551187019231,0.7239466611677853,0.7234729503320441,0.7214387099198641,0.7180484409327528,0.7135086051669853,0.708025955466206,0.7018072896462325,0.6950592992272083,0.687988257776674,0.6807989689898193,0.6736950487695776,0.6668796491585371,0.6605557392611989,0.6549262065853584,0.650193892337853,0.6465615588394384,0.6442317989279956,0.6434068693824452,0.6442882084531611,0.647074848872918,0.6513342828666753,0.6566329853798185,0.6625370712093044,0.6686124985214381,0.6744251745189543,0.6795410412653317,0.6835261614957384,0.6859467988542459,0.686369493709707,0.6843612760985334,0.6794909147831458,0.6714408391081366,0.6608841002876624,0.6484950944558987,0.6349486011001243,0.6209195504014366,0.60708289148015,0.5941134561167253,0.5826855872173892,0.5734698498149218,0.5662197636054097,0.560687316498928,0.5566240536995641,0.5537812980236471,0.5519102744416973,0.5507622217877475,0.5500885116790056,0.5496408662654818,0.5491722656652396,0.5486891243127288,0.5482016663589202,0.5477206817591367,0.5472571217263212,0.5468219485532712,0.5464259804426503,0.5460793847115408,0.5452774384687968,0.5435090572036276,0.5402627022746977,0.5350267301303234,0.5272895284745549,0.5165396920246869,0.5022666413337569,0.4858665437177742,0.4687387843714451,0.4522831714180311,0.437899613663267,0.4269879708151963,0.4209477825669619,0.42117613021462014,0.4262923536343862,0.43491481811107563,0.44566164458166535,0.45715088277210847,0.46800064199127933,0.4768293404910168,0.48225703028240696,0.4846422468442925,0.48434482125885914,0.48172496552565863,0.4771430631274012,0.4709595627962201,0.4635348924962882,0.4552293410950161,0.44640257887091794,0.43715262858208487,0.42756854487972673,0.4177385018571026,0.4077503963206903,0.3976920108646606,0.38765111702178406,0.3777155554581931
1.0069670430936934,1.007282695742906,1.0075445552062134,1.0077479758008199,1.0078883175830087,1.0079609470572848,1.0079612378306682,1.0078845711824804,1.0077263366855087,1.0074819330580629,1.007146769142813,1.0067162649307095,1.0061858527307548,1.005550978771759,1.004807105502628,1.0039497150411885,1.0029743142507992,1.0018764419461508,1.0006516788526394,0.9992956622036355,0.9978041090277496,0.9961728558608718,0.9943979325118928,0.992475719691698,0.9904033343454492,0.9881792209881824,0.9858029683726253,0.9832747997882394,0.9805953025208552,0.9777652931202182,0.974785750037809,0.9716577797483206,0.9683825985929603,0.9649615239629188,0.9613959720462325,0.9576874632830703,0.9538376369834218,0.9498482809623341,0.9457213925085266,0.941459314018618,0.9370651191075703,0.9325440542506793,0.9279050345552181,0.9231578039378473,0.9183124170555209,0.9133790819910625,0.9083680915630051,0.9032897887299636,0.898154547249483,0.8929727600766121,0.8877548317681104,0.882511172956159,0.8772521958157908,0.8719883098593971,0.8667299175106485,0.861487408943663,0.8562711558828371,0.8510915038699155,0.8459587625506508,0.8408831937681756,0.835874996645211,0.8309442870429178,0.8261010649619254,0.8213551603308074,0.816716148788552,0.8121932209166556,0.8077949798211375,0.8035290897788107,0.7994016760969354,0.7954169589459724,0.7915775923466216,0.7878852052436482,0.7843406907623418,0.780944345410994,0.7776958761153977,0.7745943550668222,0.7716380611651843,0.7688240492518261,0.7661463653090079,0.7635952519980888,0.761159727706273,0.7588282946147256,0.756589179055655,0.7544304337647827,0.752339991982722,0.750305699903963,0.7483153383755575,0.7463566382407533,0.7444172923513799,0.7424849651024822,0.7405473004250369,0.7385919286697585,0.7366064723736522,0.7345785512084606,0.7324957865285404,0.7303458059978899,0.7281162486688235,0.7257947709483279,0.723369054015045,0.720826813317586,0.7181558115717745,0.7153438779340832,0.712378939343881,0.7092490805147909,0.7059426888547773,0.7024489457080231,0.6987789779742722,0.694959693595018,0.691018752444817,0.6869841021148962,0.6828838436575158,0.6787461755703005,0.6745993638955172,0.6704717228410314,0.6663916011187927,0.6623873717994153,0.6584874243343176,0.6547201579987335,0.6511139764646853,0.6476972829745444,0.6444984755888659,0.6415459418212998,0.6388680518512435,0.6364931492007492,0.634449537096608,0.6327654570243103,0.6314690503411785,0.6305882765840688,0.6301506768922438,0.6301819357260476,0.6306085151839073,0.6313562069349903,0.6323505658923343,0.6335170377689329,0.6347810145271126,0.6360678612510169,0.63730293030274,0.6384115699415782,0.6393191312262727,0.6399509760540637,0.6402324902009894,0.6400891106421012,0.639446395100994,0.6382302398757687,0.6363680692614099,0.6338968827610074,0.6308542611738858,0.6272779684767614,0.6232058529973281,0.6186758090817697,0.6137257585160187,0.608393640007049,0.6027174025386957,0.5967350005719625,0.5904843899768428,0.5840035238992403,0.5773303479114269,0.5705027938132023,0.5635587714384309,0.5565361576211109,0.5494727810696183,0.5424064018545911,0.5353746847488303,0.5284151664854984,0.5215652197823346,0.5148620209177678,0.5083425196754492,0.5020434148567743,0.4960011379490705,0.49025183343951906,0.48483131440526017,0.47977496480626924,0.47511752318111616,0.47089228734050437,0.4670853070759931,0.4636785937150319,0.46065322217779153,0.45798984236769724,0.4556688591342911,0.4536705192525223,0.4519749534666082,0.4505622015271336,0.4494122292798855,0.4485049414403586,0.44782019164431364,0.4473377908593499,0.44703751453842566,0.4468991089782097,0.4469022968062422,0.44702678172164956,0.4472522525915102,0.44755838683713134,0.4479248530946991,0.4483313132246811,0.44875742365425464,0.44918283625076166,0.44958719896721505,0.44995015642495134,0.4502513504601422
1.0162194319478344,1.0159019068982826,1.0151711663282033,1.0140519087938502,1.012568810289563,1.0107465202275254,1.0086096579945103,1.0061828110795177,1.0034905349538668,1.0005573539154433,0.997407763164518,0.9940662315424547,0.9905572038598192,0.9869051021188608,0.9831343252205118,0.9792692473340426,0.975334214951489,0.9713535426020894,0.9673515068424401,0.9633523370526722,0.9593802011021852,0.9554591808447723,0.9516132328241893,0.9478661240841446,0.9442413150550653,0.9407617260628025,0.9374492330269559,0.9343230735064927,0.9313800457411515,0.9286121793528868,0.9260104358276469,0.9235653731397085,0.9212673625825301,0.9191066768581778,0.9170735335306333,0.9151581190906091,0.9133506040284549,0.9116411538026905,0.9100199385660728,0.9084771437130303,0.9070029833447812,0.9055877171607783,0.9042216696825631,0.9028952475304931,0.9015989436956668,0.900323322908409,0.8990589997176293,0.8977966185603278,0.8965268386048543,0.8952403214442544,0.8939277193077543,0.892579660934657,0.8911867312265236,0.8897394383531084,0.888228158572992,0.8866430642082248,0.8849740930508355,0.8832110036140317,0.8813434491955017,0.8793610232241025,0.8772532844507842,0.8750097727784966,0.8726200210351401,0.870073565388421,0.8673599564220514,0.8644687733163497,0.8613896449163028,0.858112286627859,0.8546265710503786,0.8509226815447148,0.8469915117906579,0.8428259901120336,0.838426623615091,0.8338075774250598,0.8289867051003301,0.8239832292168422,0.8188171013258346,0.8135086915614169,0.8080786107515663,0.8025476129857285,0.7969365414900571,0.7912662964069106,0.7855578148639837,0.7798320574399447,0.7741099983320637,0.768412618050599,0.7627608978220665,0.7571758157913927,0.7516783453048103,0.7462894549304855,0.7410301095356324,0.7359212712182434,0.7309838990587383,0.7262389471157874,0.7217073606131246,0.717410070491457,0.7133679857562664,0.709601982599802,0.7061328879954537,0.7029814528464041,0.7001683013738411,0.6977138096124422,0.6956376647203004,0.6939502792280813,0.6926160510213552,0.6915981220824325,0.6908590214751649,0.6903608788404326,0.6900655324228576,0.6899345988948201,0.6899295263635059,0.6900116359326544,0.6901421575714646,0.6902822584790794,0.6903930642266339,0.6904356747073586,0.69037117663039,0.6901606540791828,0.6897651986269749,0.6891459210301772,0.6882639669349301,0.687080540687651,0.6855569467717466,0.6836546718127822,0.6813355900451729,0.6785627751283746,0.6753668071482799,0.6717849155176054,0.6678553389251765,0.6636167021943733,0.6591078122203053,0.6543675727681963,0.6494349415234931,0.6443489058513943,0.6391484676029677,0.633872631598134,0.6285603946498325,0.6232507328537626,0.6179825841829245,0.6127948209647567,0.6077262026478982,0.602815297510959,0.5981003543676503,0.5936191143892174,0.5894085505069535,0.5855044472989873,0.5819407536265186,0.5787474353412803,0.5759171910915011,0.5734142344070587,0.5712003438152816,0.5692363245778737,0.5674824586288929,0.5658987099399001,0.5644448344583874,0.5630804481540855,0.5617650741983442,0.5604581769619592,0.5591191860590939,0.557707513465844,0.5561825663353701,0.5545037588916195,0.5526305266188645,0.550522347119228,0.5481387753593545,0.5454395098420599,0.5423845340285858,0.5389344907669826,0.5350524495107185,0.5307624917547745,0.5260905308322475,0.5210630187089005,0.5157066498137681,0.5100482514582098,0.5041147336226842,0.49793306231123,0.49153024395285383,0.4849333152446613,0.4781693364496638,0.47126538686161135,0.46424856224279554,0.4571459742130656,0.44998475196839804,0.4427920468654498,0.4355950410195034,0.42842096234552696,0.4212971107614396,0.414250907928304,0.40731000960013053,0.40050264821244985,0.39385958575825275,0.3874645053910256,0.38140236554442,0.37575853319030345,0.37061855729902843,0.36606807979098793,0.3621927947588691,0.35907842710426735,0.35681071949235604
1.0148463573842086,1.0196553358322489,1.0212457768831291,1.0200249835109352,1.016403202773477,1.0107920267964885,1.0036037328263103,0.9952509261403548,0.986146355823615,0.9767028020560796,0.9673329735169411,0.9584493691985921,0.9504640455482113,0.9437880574883448,0.9388297570773994,0.935981898782969,0.9349799564469382,0.9355506172103896,0.9374179452372815,0.940304798597019,0.9439333296379261,0.9480252847007058,0.9523022109105445,0.9564855973952002,0.9602969934484583,0.9634581700497102,0.9656914054835272,0.9667202259016143,0.9662719906876566,0.964102743918818,0.9604307849406044,0.9554797255598263,0.9494749616464704,0.9426427045623618,0.9352096249325726,0.9274026801371562,0.9194490174828289,0.911575919639158,0.9040107692624141,0.8969810266631398,0.8907141957072146,0.8854377795463179,0.8813792299004064,0.8787658812084418,0.877824832570214,0.8787826447400637,0.8818641043787566,0.8862865594745619,0.8912459231672137,0.8959368850472795,0.8995538704379124,0.9012912714814237,0.9003436208020443,0.8959059949123086,0.8871759206507643,0.8751776149838675,0.8609394423964606,0.8454906183440605,0.8298606205302074,0.8150789809529663,0.8021751391181065,0.7921781907365885,0.7861160858503513,0.7850068451691247,0.7879144403364687,0.7939011505195175,0.8020288124973932,0.8113591224928594,0.820953785415828,0.829874676973141,0.8371842424440576,0.8419472365575242,0.8443940840675603,0.8447590641158074,0.8432771241359277,0.840183431736913,0.8357132141294479,0.8301016487590777,0.8235837408784039,0.8163941182549274,0.808766586716096,0.8009330263194263,0.7931187520896411,0.7853852354602668,0.7777887027794387,0.7703841477742128,0.7632261090548524,0.756368912843766,0.7498667830817843,0.7437738955063983,0.7381443908604831,0.7330323374062047,0.7284916324708746,0.7245757686335657,0.7213370632145624,0.7188206943531039,0.7169243640918793,0.7155424235023897,0.714568442478835,0.7138957093624688,0.7134174115113547,0.7130267463963375,0.712617028699521,0.712081836287295,0.7113152832190561,0.7102125477167832,0.7086705567505779,0.7065898267661211,0.7038829910367764,0.7006889385244167,0.6971512319342524,0.6934146794799227,0.6896246084588589,0.6859266199956315,0.6824664499904266,0.6793898617997318,0.6768425247558536,0.6749697979377662,0.6739160916888008,0.6738202614795862,0.6745318725295175,0.6758973780820221,0.677762358430025,0.6799720156198363,0.682371368909101,0.6848053554094554,0.6871188925755591,0.6891569300481402,0.6907644945691903,0.6917867417177406,0.6920690229076811,0.6914569965644715,0.6897968263257351,0.6869357009935909,0.6827236288086278,0.6770719993591595,0.670197794044831,0.6623226837105125,0.6536701024309038,0.6444643014019211,0.6349299396879109,0.6252918906472675,0.6157751313573744,0.6066046507004779,0.5980053571765719,0.5902019692850056,0.5834188160221316,0.5778793445730972,0.5738037365652576,0.5710068343275522,0.5692992899401224,0.5684906603787995,0.5683900617745496,0.5688064242212861,0.5695486368872551,0.5704256663740019,0.5712467084584182,0.5718214523014573,0.5719605618560846,0.5714765570969056,0.5701856213878843,0.5679115975972936,0.5645365261372299,0.560168350096724,0.5549431904812807,0.5490135753440258,0.54253615512353,0.535669214985002,0.5285717729173535,0.5214031959948613,0.5143230211564733,0.5074908371615431,0.5010661752302875,0.49520836197774726,0.4900762363808943,0.4858273088501992,0.4826132453864673,0.4803268563874149,0.47884970480209577,0.47806080421205144,0.4778383601431554,0.47806030646663356,0.4786045092223484,0.4793489061359072,0.48017169439971163,0.480951806941468,0.4815714081477062,0.4819918674401068,0.48219001416770685,0.4821452052056777,0.48183775048947114,0.4812484379118933,0.48035828596687136,0.47914838458055037,0.4775997686607252,0.4756932495522832,0.4734090219587772,0.4707247616536702,0.467423234754763
0.9777658719897192,0.9835832002856338,0.9890310295812758,0.9940840130662043,0.9987183935828737,1.0029108827807687,1.0066382656202206,1.0098770710116893,1.0126031455361368,1.0147907250357042,1.0164120200542972,1.0174385219684785,1.0178415749057468,1.01759277518258,1.0166647516640905,1.0150352252890318,1.0127364968197932,1.0098048531473214,1.0062775764781637,1.0021922481169299,0.9975864893453131,0.9924978269982447,0.986963641130033,0.9810212016388128,0.9747078230674139,0.9680611484613639,0.9611199357489821,0.953931524116976,0.9466732513183558,0.9395259717685724,0.9326711672524272,0.9262903621849022,0.9205646378174874,0.9156731680870156,0.9117786576938673,0.9088037749505788,0.9066685174632129,0.9052919300289902,0.9045924579133213,0.9044880336098251,0.9048958211410932,0.9057310788511139,0.9068977574798023,0.9080912346227836,0.9090035675809648,0.9093260400074874,0.9087498514306623,0.9069666613304397,0.9036706308405132,0.8985787499278883,0.8920865565522859,0.8845961872625895,0.8765113968163643,0.8682365465346662,0.8601760715821067,0.8527340020872618,0.8463129731614528,0.8413107200364235,0.8375128692109508,0.834656396517638,0.8324748645941507,0.8307008467353425,0.8290665862925314,0.8273043535753842,0.8251468207267758,0.8223281698315442,0.8185966549221009,0.8141487161471718,0.8091856100166143,0.8039103958060166,0.7985269010612065,0.7932393059240559,0.7882518189978691,0.7837682854856254,0.7799912179142628,0.7771135512630237,0.7750293634893547,0.7736290909843926,0.7728025244911083,0.7724394465358693,0.7724303539204183,0.7726719759164655,0.7731188184547084,0.7737297926597052,0.7744647313493919,0.775283708320141,0.7761466397266921,0.7770126881533336,0.7778375564630604,0.7785088248890182,0.7788847243823265,0.7788196348584919,0.7781665007376096,0.776777645801105,0.77450513075292,0.7712009851670469,0.7667174393589027,0.7609072453240842,0.7536241482614375,0.744724156610278,0.7340738265038379,0.7226739196555485,0.7115277896254376,0.7016396172124051,0.694013795819325,0.6896545288848845,0.6895651083405353,0.6947436838418444,0.7038062969196239,0.7153645011290888,0.7280289645354613,0.7404101194369,0.7511184702681845,0.7587648413728005,0.7619606014484496,0.7593178905713017,0.7494499427823177,0.7309723578229247,0.7067184276177871,0.6795822561705628,0.6524591272859017,0.6282445551367049,0.6098338984133006,0.6001218474315582,0.6020006171789921,0.6120094428012532,0.6266833002376756,0.642556279296614,0.6561623052083906,0.6640356281458839,0.6627122944202796,0.6548696689624665,0.643189953269758,0.6303560655295765,0.6190509852987328,0.6119572057269219,0.6117547804163251,0.616531994494309,0.6243713413681534,0.6333545025226703,0.6415630772443974,0.6470790203319924,0.6479856108343109,0.6423756282398154,0.6321085036171126,0.6190470944997615,0.6050548821812614,0.5919953461491863,0.5817312585311185,0.5761212559322437,0.5741770110036247,0.5749044857307057,0.5773082866669647,0.5803927132839168,0.5831622639951508,0.58462237172945,0.5837824091323677,0.5810345169603246,0.5767805391037644,0.5714242308313551,0.565370154133442,0.559023214295119,0.5527883200704933,0.5470699254917316,0.5422703740126311,0.5385080583884279,0.5355797603928572,0.5332796196771744,0.5314008188562708,0.5297360584112918,0.5280778059695769,0.5262184974531146,0.5239507307665423,0.5210676158165337,0.5173643085941599,0.5127447675826831,0.5073553537461872,0.5013449348744687,0.4948630634543916,0.4880594715396671,0.48108374664471043,0.47408502431065835,0.4672115115991722,0.46060916149789227,0.4544133371985223,0.4485556199207439,0.4429612363547111,0.43755412484969014,0.43225775556336626,0.4269954427398454,0.4216905532360467,0.41626676552753045,0.41064864073670326,0.4047639420483341,0.39884089288932933,0.39311969736167485,0.3878422423206863,0.3832509445965603,0.3795882871626989
1.006806651688279,0.998865483436532,0.9910796211639187,0.9836262707364007,0.9766820197796806,0.970422345288158,0.9650172762655447,0.9604500364617664,0.9567015710488764,0.9537523226820924,0.9515825624925036,0.9501724907571573,0.9495022899240712,0.9495521619502137,0.950302349186345,0.951733120637412,0.9538247368760804,0.9565574066363624,0.9599112271457988,0.9638660616386433,0.9684011660395666,0.9734939257632556,0.9791120772606858,0.984990453939167,0.9908570047396266,0.9964384491166276,1.0014608445330273,1.005649647057737,1.008729748008843,1.0104255642124693,1.0104612344476536,1.0085607581184888,1.0044480775209874,0.9978471354782499,0.9884819309454416,0.9760766110189769,0.960355725141431,0.9410473777502298,0.9195993728562752,0.8974599917397584,0.8760776374874301,0.8569007344341704,0.8413776562791693,0.8309565975106343,0.8270850389983,0.8284918001536425,0.8339023389801316,0.8420417762259234,0.8516351353463248,0.8614074249914123,0.870083703433199,0.8763891936276833,0.8790497379573445,0.8778187745073331,0.8733822034478453,0.8664266827929674,0.8576391405340097,0.8477066338601632,0.837316285299578,0.8271552363889095,0.8179106028220091,0.810269408265126,0.804918422064501,0.8025433214044139,0.803505364019638,0.8071284573398879,0.8127353374978048,0.81964840538197,0.8271899388190856,0.8346821744948529,0.8414473581036493,0.8468077964352644,0.8500859394223833,0.850604607856323,0.8476882850253872,0.8418691451290105,0.8336808423803294,0.8236575285770871,0.8123336294491044,0.8002437337084994,0.7879225110882712,0.7759046497803355,0.7647247996082669,0.754917499819341,0.7470170808739708,0.7415575624037828,0.7390725833424874,0.7400951588647935,0.7451566003056566,0.7533855370088017,0.7638377252919594,0.775567293307494,0.7876278796454546,0.7990729128347815,0.808955735075453,0.8163296738740193,0.8202481031004082,0.8197645495959562,0.8139330711512501,0.8036597254021243,0.7898542264381742,0.7734266998182554,0.7552874079084225,0.7363466590197736,0.7175147542529648,0.6997019362911826,0.6838183071985235,0.6707736405553127,0.6614765638173162,0.6554710861428388,0.6522872264824731,0.6514537430186218,0.6524989940725741,0.6549511467698028,0.658338270810003,0.6621883987405587,0.6660295719392834,0.6693898900395728,0.671797604445126,0.67278151512134,0.6725478248907275,0.671307711285127,0.6692728309642011,0.6666550089369963,0.6636661347123959,0.6605181017564971,0.6574227505150895,0.6545917786561356,0.6522365132679414,0.6505669485682253,0.6493836496394394,0.6484771161789592,0.6476353253282031,0.6466453218547171,0.6452937924632235,0.6433672789285184,0.6406522640846452,0.636935217722732,0.6320026426785954,0.6256411448259234,0.6176376158330714,0.6077801103799687,0.5970258860585205,0.586332894807812,0.5766592361657747,0.5689630401091957,0.5642023938136443,0.5633352177329848,0.5673187143337508,0.5747986297058414,0.5844191043303404,0.594824010237011,0.6046571354806575,0.612562260536163,0.6171832252475077,0.6171640567875161,0.6111494548578493,0.6002600879315663,0.585619624703801,0.5683520103554129,0.5495812679971914,0.5304314225234636,0.5120264320510705,0.4954900577368164,0.48194522188028577,0.47116079354036977,0.4629040837453898,0.45694210336532803,0.45304176584755296,0.45096995760604985,0.45049358039440474,0.45137957963151065,0.45339495673285,0.4563067627908675,0.4598820895911706,0.46388805978035585,0.46809181928253385,0.4722605319644272,0.47616137912818846,0.4795615676490129,0.48222834829141326,0.4839290390513959,0.4844310536620731,0.48350193839464484,0.4809094482508833,0.4764218019828258,0.46980866154222967,0.46089923783838627,0.4501482474624792,0.43801101686234284,0.42494306340749965,0.4113999888857735,0.39783742923493515,0.3847110231285359,0.37247638598116284,0.36158907062731155,0.3525044857008879,0.3456776776301355,0.34156255872349506
0.9877553864721628,0.9867262479898812,0.9856548032140764,0.984541383903383,0.9833863218164809,0.9821899487122852,0.9809525963494417,0.9796745964868128,0.9783562808826164,0.9769979812963081,0.9756000294864668,0.9741627572116072,0.9726864962308344,0.9711715783026886,0.9696183351858016,0.9680270986395072,0.9663982004227893,0.9647319722940375,0.9630287460122117,0.9612888533350739,0.9595126260237739,0.9577003958370253,0.9558524945315501,0.9539692538679134,0.9520510056041702,0.95009808149997,0.9481108133158833,0.9460895328096188,0.9440345717383998,0.9419462618654917,0.939824934948579,0.9376709227419474,0.9354845570145172,0.9332661695161786,0.931016092015694,0.9287346562626344,0.926422194022881,0.9240790370550112,0.9217055171170536,0.919301965968384,0.9168687153726157,0.9144060970875322,0.9119144428664405,0.9093940844809302,0.9068453536803329,0.9042685822347681,0.9016641018944802,0.8990322444265534,0.8963733415859284,0.893687725138919,0.8909757268409872,0.8882376784543058,0.8854739117380622,0.8826847584588112,0.8798705503646749,0.877031619232604,0.8741682968087999,0.8712809148656533,0.8683698051543209,0.8654352994485162,0.8624777294922837,0.8594974270582905,0.8564947239105691,0.8534699518088803,0.8504234425082176,0.8473555277733975,0.8442665393698005,0.8411568090576348,0.8380266685959117,0.8348764497548211,0.8317064842882743,0.8285171039696597,0.8253086405405369,0.8220814257875927,0.8188357914616774,0.815572069331691,0.8122905911483091,0.8089916886905703,0.8056756937115038,0.8023429379798734,0.7989937532579092,0.7956284713102676,0.7922474238933106,0.7888509427851305,0.7854393597428071,0.7820130065247299,0.7785722149065548,0.7751173166452052,0.7716486435104228,0.7681665272642896,0.7646712996730367,0.7611632924957261,0.7576428375103292,0.7541102664740025,0.7505659111562677,0.7470101033142856,0.743443174728444,0.7398654571515161,0.7362772823585423,0.7326789821085962,0.7290708881751962,0.7254533323181476,0.7218266463156928,0.7181911619277566,0.7145472109103423,0.7108951250535708,0.7072352361084646,0.7035678758497674,0.6998933760395233,0.6962120684479145,0.6925242848485952,0.6888303570106107,0.6851306166848293,0.6814253956563295,0.6777150256936555,0.6739998385610362,0.6702801660161879,0.6665563398634814,0.6628286918340108,0.6590975537041532,0.6553632572749689,0.651626134271696,0.6478865164965576,0.6441447357069947,0.6404011236767486,0.6366560121716198,0.6329097329668262,0.6291626178317549,0.6254149985408366,0.6216672068509403,0.617919574554755,0.6141724334098222,0.6104261151842525,0.6066809516623951,0.6029372746114049,0.5991954157935183,0.5954557070000441,0.5917184799776269,0.5879840665245394,0.5842527983966465,0.5805250073736015,0.5768010252248489,0.5730811837248648,0.569365814644189,0.5656552497637418,0.5619498208413323,0.5582498596683989,0.5545556980086443,0.5508676676348206,0.5471861003226317,0.5435113278456388,0.5398436819801372,0.5361834944964042,0.5325310971702341,0.5288868217746412,0.525251000089972,0.5216239638827989,0.5180060449323065,0.514397575003863,0.5107988858869559,0.5072103093472687,0.5036321771600925,0.5000648211024116,0.4965085729475087,0.4929637644724374,0.48943072744959826,0.48590979365552817,0.48240129486657235,0.47890556285763186,0.4754229294026313,0.4719537262788193,0.4684982852603029,0.4650569381225255,0.4616300166449756,0.45821785259774783,0.45482077776054175,0.4514391239060294,0.44807322281369594,0.44472340625623746,0.4413900060123044,0.43807335385459656,0.4347737815615372,0.4314916209095394,0.42822720367290334,0.42498086162795967,0.42175292655176766,0.4185437302203283,0.41535360440909846,0.4121828808944577,0.409031891453008,0.4059009678600929,0.4027904418923219,0.39970064532635163,0.39663190993767583,0.39358456750295734,0.3905589497981068,0.3875553885995109,0.3845742156833748,0.3816157628258019
0.9802715582900695,0.979117299793622,0.97793188570871,0.9767155393486205,0.9754684840265908,0.9741909430559141,0.9728831397498698,0.9715452974216776,0.9701776393846608,0.9687803889520723,0.9673537694370995,0.9658980041531801,0.9644133164134095,0.9628999295311922,0.9613580668197017,0.9597879515922406,0.9581898071620277,0.9565638568424875,0.9549103239466774,0.9532294317879999,0.9515214036796612,0.9497864629350388,0.9480248328672495,0.9462367367897846,0.9444223980155229,0.9425820398580693,0.9407158856307153,0.9388241586465648,0.9369070822188273,0.934964879660807,0.932997774286247,0.9310059894076159,0.9289897483388141,0.9269492743929133,0.924884790883107,0.922796521122524,0.9206846884250088,0.9185495161030944,0.916391227470645,0.9142100458405873,0.9120061945263305,0.9097798968413157,0.907531376098373,0.9052608556111628,0.9029685586928273,0.9006547086566228,0.8983195288158566,0.8959632424838025,0.8935860729736562,0.8911882435989513,0.8887699776723731,0.8863314985079219,0.883873029418318,0.8813947937172882,0.8788970147175836,0.8763799157325423,0.8738437200769151,0.8712886510614835,0.8687149320007883,0.8661227862076768,0.8635124369972615,0.860884107680236,0.85823802157172,0.8555744019831468,0.8528934722296411,0.8501954556229645,0.8474805754785927,0.8447490551069698,0.8420011178228834,0.8392369869395946,0.8364568857706003,0.8336610376285798,0.8308496658262958,0.8280229936789962,0.8251812444969986,0.8223246415966703,0.8194534082877435,0.816567767886888,0.8136679437063251,0.8107541590586406,0.8078266372569815,0.804885601615303,0.8019312754465016,0.7989638820637628,0.7959836447811015,0.7929907869108657,0.7899855317654387,0.7869681026609643,0.7839387229076682,0.7808976158202701,0.777845004712245,0.774781112895768,0.7717061636854528,0.768620380393124,0.7655239863332418,0.7624172048180934,0.7593002591610961,0.756173372675999,0.7530367686758452,0.7498906704736827,0.7467353013828937,0.7435708847165732,0.7403976437881973,0.7372158019106884,0.7340255823973223,0.7308272085622215,0.7276209037167791,0.7244068911766067,0.7211853942529569,0.717956636259521,0.7147208405101231,0.7114782303175364,0.7082290289951348,0.7049734598570484,0.7017117462148453,0.6984441113822156,0.6951707786726053,0.6918919714002456,0.688607912877813,0.685318826417394,0.6820249353322057,0.6787264629403318,0.6754236325476057,0.6721166674710787,0.6688057910250685,0.6654912265207411,0.6621731972731634,0.6588519265928778,0.6555276377962918,0.6522005541947211,0.6488708991001361,0.645538895831069,0.6422047676937351,0.638868738006419,0.6355310300809027,0.6321918672323165,0.6288514727692976,0.6255100700079813,0.6221678822633862,0.6188251328466252,0.6154820450698958,0.6121388422501433,0.608795747697177,0.6054529847249437,0.6021107766488216,0.5987693467783953,0.5954289184311851,0.5920897149170451,0.5887519595519937,0.5854158756475353,0.5820816865174236,0.5787496154745236,0.5754198858327817,0.5720927209044867,0.56876834400501,0.5654469784460375,0.5621288475408878,0.5588141746022921,0.5555031829460617,0.5521960958826537,0.5488931367277241,0.5455945287921768,0.5423004953913708,0.5390112598369765,0.5357270454434147,0.5324480755239833,0.5291745733921467,0.5259067623598493,0.522644865741719,0.5193891068501688,0.516139708999063,0.512896895502289,0.5096608896724273,0.5064319148222612,0.503210194266325,0.4999959513166655,0.4967894092880175,0.49359079149218843,0.49040032124373145,0.4872182218556278,0.4840447166398346,0.48088002891216264,0.4777243819840308,0.4745779991692879,0.47144110378158927,0.4683139191338055,0.46519666853944586,0.4620895753118407,0.4589928627642687,0.455906754209836,0.4528314729623478,0.4497672423347185,0.4467142856402009,0.4436728261925617,0.4406430873046495,0.4376252922899536,0.43461966446198147,0.4316264271337713,0.42864580361883264
0.996853919605821,1.0039969084877287,1.0113766852475987,1.0185655419033386,1.0251357750008434,1.030659647575613,1.0347093849297595,1.036857218810279,1.0366754651882166,1.0337366997830266,1.0276143512614224,1.0191828124123496,1.0093190530491212,0.9989003410792029,0.9888039819247031,0.9799071275554637,0.9730860989088339,0.9681450663574934,0.9648863483619837,0.9631119639585545,0.9626238756046802,0.9632241085615505,0.9647148283195717,0.966898317508333,0.9695768743222793,0.9725526689319035,0.9756272529987782,0.9784139537756955,0.9805237632174422,0.9815674176396105,0.9811556339765319,0.9788993017525311,0.9744101914194672,0.9680681230477926,0.9602542250942178,0.9513499756493118,0.9417370222648555,0.9317971225449672,0.921912109826906,0.9124638821738451,0.9038344014402635,0.8964056769372554,0.8905597086807918,0.8866783932990152,0.885143346496172,0.8863354066296758,0.8892318972624,0.8927820559204087,0.8959347423228293,0.8976387567250637,0.8968430108348033,0.892496940142938,0.8835560542216536,0.8713288166250015,0.857125001587244,0.8422547830704874,0.8280284984012491,0.8157565048042128,0.8067490308539409,0.8023157281549274,0.8017470696389954,0.8042687622043648,0.8091058300092304,0.8154831291717172,0.8226255171480692,0.8297580157943111,0.8361063802835569,0.8410348339579827,0.8446689506945673,0.8471384783804314,0.848574341696537,0.8491082799518197,0.8488726539944166,0.8480001854624637,0.8466237943447975,0.8448764836830365,0.8428912511323347,0.8408009712168819,0.8387381850975925,0.8368342266180014,0.8348265148679384,0.8324425251136869,0.8294088434942555,0.8254518200235941,0.8202977610305607,0.813673074223052,0.8053045515835389,0.7949207069745438,0.7833329200160515,0.771355226964916,0.759802126515712,0.7494882552319231,0.7412282266369103,0.7358364668010925,0.7341269192475982,0.7369119082817355,0.7431066123426409,0.751623893567161,0.7613759833410535,0.7712748954760039,0.7802326015837704,0.78716116859838,0.790973013241115,0.790581837238032,0.7865968345715031,0.7796291362219897,0.7702901883669282,0.7591915165811461,0.7469445965862369,0.7341606913525001,0.7214503506642289,0.7091144621622895,0.6974258138559045,0.6866557061704988,0.6770746746092237,0.6689527685571065,0.662559654425462,0.6581646485016122,0.6560367049851603,0.6564442484574111,0.6596544783162628,0.6659255537511211,0.6735404382173583,0.6807813392330728,0.6859302848755664,0.6872692910745889,0.6830805476224193,0.6716472391238153,0.6554922828601906,0.6371393164500818,0.6191121209400984,0.6039344438518782,0.5941297642986805,0.5922191379369453,0.5962080653870023,0.6041016624747284,0.6139050048501351,0.6236233365450065,0.6312627375094279,0.6348587913960588,0.6348898783264536,0.6318350811811937,0.6261736855539987,0.6183850167905329,0.6089483416272728,0.5983427691694134,0.5870471042725686,0.5755397699517093,0.5642989015750652,0.5538024766395483,0.5445283839422024,0.5369544111357761,0.5315581134842535,0.5288162713376925,0.5291992825332749,0.5318666417060014,0.5359766772815983,0.5406874400373382,0.545156916596892,0.5485431641425371,0.550004589929543,0.5487015205572979,0.5451409490536316,0.5398307212411824,0.5332789006356325,0.5259935716555492,0.5184826690105384,0.5112533733434677,0.5043137555827037,0.49767038844711053,0.49132952706906874,0.48529732065321507,0.47957990571191,0.4741834764375375,0.4691143178971412,0.4643788435120155,0.459983651895497,0.45593559162056346,0.4522418190617557,0.4489098094088901,0.44594731903760065,0.44336235773740856,0.44116323583479,0.43935876769484894,0.437958959663988,0.43697970703309075,0.4364381080818257,0.4363514104504929,0.4367367905134459,0.43761079952231785,0.4388040834101188,0.4401461499902076,0.4414662127299383,0.44259335109738784,0.44335659033985114,0.44358496631928257,0.4431076125351039,0.44175389915976154,0.43935368636299754
1.042649194505616,1.0528038243381614,1.0596584469683918,1.061869201057824,1.0594247904022729,1.0533930325153598,1.0448439221304961,1.0348478992885413,1.0244752186336,1.014794852507783,1.0068608593119333,1.0003901684967165,0.9950968141327549,0.9906941658817067,0.9868955049261556,0.9834145339642415,0.9799662453136206,0.9762688766976535,0.972052136777438,0.9673966385652283,0.9623989266865338,0.957159539089465,0.9517805576580909,0.9463646456990222,0.9410146240583303,0.9358332303710609,0.930922879401782,0.9263853235198535,0.9223208689177252,0.9188268905740171,0.9159939814228985,0.9138889611855174,0.912540995917099,0.9118089624542083,0.9115336340359825,0.9115497394653664,0.9116893348837908,0.9117830555353535,0.9116608862995021,0.9111527036036519,0.9100886843567687,0.9082998347981659,0.9056193538821395,0.9018958399148738,0.8974226971988849,0.8924970876302533,0.8874170815676922,0.8824809487860978,0.8779867197955104,0.8742315474232834,0.8715106922421325,0.8701152698953402,0.8703017380367065,0.8714212203819612,0.8728170937859198,0.8738308031527184,0.8738030666106522,0.8720743827042969,0.8679853682083658,0.860877213718434,0.8500933265225241,0.8360351165594413,0.8206074486759587,0.8057187908619996,0.7932784316939092,0.785195725945483,0.7833795111526296,0.7897365697665026,0.8020537449586003,0.81784422558763,0.8346188202758216,0.8498879608801783,0.861162349306077,0.8659539129573749,0.8617797203691302,0.8506819414796981,0.8347092723116837,0.8159118042213188,0.796339850461032,0.7780432143158346,0.7630683957656689,0.751236067380026,0.7423582555067978,0.7362454451915377,0.7327075106160293,0.7315540121350194,0.732594192517933,0.7356367482281458,0.7404891742938754,0.7469552606514417,0.7548096893740123,0.7635996392111432,0.772862900037258,0.7821356139941208,0.7909535292398112,0.798852544431937,0.8053692835200277,0.8100419456248023,0.8124110541657966,0.8120197835833054,0.8084154954951646,0.8011573844941908,0.7905580829264742,0.777529596041467,0.7629893524849403,0.7478562985996579,0.7330498887359356,0.7194896175783275,0.7080946141400625,0.6997829708036534,0.6954698872640717,0.6943612719734635,0.6956320601494642,0.6984555220324287,0.7020046288821327,0.7054526637829931,0.7079745909477458,0.7087567654568263,0.7079903124090643,0.705871847074771,0.7025998545180026,0.6983737512947307,0.6933934735049647,0.6878592555533234,0.6819714917304653,0.6759306333916432,0.6699372215369446,0.6641919805898435,0.658895888522832,0.6542501526493947,0.6504560542691442,0.6477147504015139,0.6462269761026349,0.6461924263382997,0.6478073593781086,0.6506311011217445,0.6541872467237457,0.6579921542131738,0.6615569632445468,0.6643857832798318,0.6659757708553011,0.6658216276104624,0.6634172934195479,0.6582566197622378,0.649833906875647,0.6376451776360528,0.621199395400887,0.6022839330024512,0.5826904737047623,0.5642114402473339,0.548639258925535,0.5377656515153143,0.5333792693861901,0.5343234426193382,0.5391776346564987,0.5465154640763701,0.5549091433272707,0.5629305325452404,0.5691516247052661,0.5721452514737192,0.5704881301968403,0.5652114919791367,0.557350054305696,0.5479392117008887,0.5380143632786668,0.5286103790750991,0.5207602075881252,0.515483341585435,0.5126511915442886,0.512095501647522,0.5136321345637209,0.517072185810119,0.5222244478325051,0.5288953180799043,0.5368854649090427,0.5450984703157219,0.5523940226972167,0.5576291699690862,0.5596603024711696,0.5573437738740246,0.5495364925330436,0.5350975727643282,0.5129037831102116,0.4858268824352007,0.456741943111482,0.42852472707289735,0.4040509916314804,0.38619578352234496,0.3778308521509417,0.3769080189591294,0.3813747581675402,0.3891778931846088,0.3982644132898131,0.4065830328765289,0.4121195639503177,0.4151027050518771,0.4157632226721214,0.41433223159119326,0.4110406461129972
1.0183192632920826,1.0171090005914059,1.0157749073384659,1.0143203420759963,1.0127486633390559,1.0110632296533764,1.0092673995333792,1.0073645314796549,1.0053579839776867,1.0032511154921577,1.0010472844664893,0.99874984931776,0.9963621684311954,0.9938876001571204,0.9913295028047953,0.9886912346348598,0.9859761538550683,0.9831876186102669,0.9803289869766273,0.9774036169516699,0.9744148664446259,0.9713660932658104,0.9682606551186391,0.9651019095796234,0.9618932140963374,0.9586379259623798,0.9553394023026874,0.9520010000628442,0.9486260759819556,0.9452179865673658,0.9417800880785832,0.9383157364895354,0.9348282874668046,0.9313210963201287,0.9277975179708267,0.9242609068906228,0.9207146170515951,0.917162001850631,0.9136064140164909,0.9100512055072941,0.9064997273678754,0.9029553295406443,0.8994213606267564,0.8959011675230832,0.8923980949433096,0.8889154846157912,0.8854566740000205,0.8820249938904474,0.8786237632210994,0.875256274302931,0.8719257142878984,0.8686312304481907,0.8653718483366444,0.8621465636916072,0.8589543588630707,0.8557942085630033,0.8526650825237552,0.8495659469628328,0.8464957654636602,0.8434534995510503,0.8404381090893955,0.8374485525618451,0.8344837872876244,0.8315427695915748,0.8286244549224229,0.8257277979722442,0.8228517527612026,0.8199952727068515,0.8171573106952106,0.814336819135445,0.8115327500116344,0.8087440549211926,0.8059696851236524,0.8032085915661893,0.800459724922482,0.7977220356188396,0.794994473861768,0.7922759896553289,0.7895655328318053,0.786862053065466,0.7841644998864616,0.7814718227082773,0.7787829708329694,0.776096893469478,0.7734125397469239,0.770728858726532,0.7680447994122288,0.7653593107655492,0.7626713417127124,0.7599798411571094,0.7572837579888325,0.754582041095151,0.7518736393702361,0.74915750172416,0.7464325770955533,0.7436978144569766,0.7409521628319646,0.7381945712988679,0.7354239890088627,0.7326393651921148,0.7298396491773254,0.7270237904019347,0.7241907384272954,0.7213394429650718,0.7184688538850854,0.7155779212467543,0.7126655953249137,0.7097308266391866,0.706772565984682,0.7037897644894172,0.7007813736511687,0.6977463454043424,0.694683632205441,0.6915921871197448,0.6884709639585632,0.6853189174455119,0.6821350034430823,0.6789181793027508,0.675667404333467,0.6723816406147569,0.6690598543436236,0.6657010185135325,0.6623041192964284,0.6588681792076861,0.655392595399883,0.6518785199214077,0.6483271640859828,0.6447397582749816,0.641117542197109,0.6374617610804304,0.6337736638158823,0.6300545019100439,0.6263055288062844,0.6225279994673183,0.6187231700525011,0.6148922977085269,0.6110366403872186,0.6071574567277915,0.6032560059553888,0.5993335477937816,0.5953913424166205,0.5914306503737817,0.5874527325659191,0.58345885019813,0.5794502647510995,0.5754282379463878,0.5713940317338221,0.5673489082678975,0.5632941298853216,0.559230959093204,0.5551606585555344,0.5510844910804675,0.5470037196056031,0.5429196071985685,0.538833417033167,0.5347464123957094,0.5306598566684453,0.5265750133276834,0.5224931459340958,0.5184155181319283,0.5143433936375976,0.5102780362397026,0.5062207097900845,0.5021726782006706,0.49813520543835177,0.4941095555196886,0.49009699250761163,0.48609878050424105,0.4821161836507098,0.47815046611969825,0.474202892113612,0.47027472586158303,0.4663672316154076,0.4624816736465621,0.45861931624524144,0.45478142371675767,0.45096926037946766,0.44718409056347774,0.4434271786083843,0.43969978886229005,0.4360031856805579,0.4323386334243815,0.4287073964604139,0.42511073915986347,0.4215499258980297,0.41802622105378373,0.4145408890093759,0.41109519415005624,0.4076904008638782,0.4043277735414083,0.4010085765756665,0.39773407436189123,0.39450553129737925,0.3913242117813164,0.38819138021464356,0.385108300999883,0.3820762385410173,0.3790964572434191,0.37617022151376667
1.0096563393007867,1.008158846305992,1.0066292807834796,1.0050678832175866,1.0034748940928058,1.0018505538930125,1.0001951031030385,0.998508782206843,0.9967918316892267,0.9950444920340018,0.9932670037256697,0.991459607248956,0.9896225430882413,0.9877560517268744,0.9858603736506302,0.9839357493428738,0.9819824192885179,0.980000623972233,0.9779906038777867,0.9759525994909534,0.973886851294114,0.9717935997737157,0.9696730854133936,0.9675255486977067,0.9653512301133398,0.96315037014183,0.9609232092692693,0.958669987981406,0.9563909467614871,0.9540863260980113,0.9517563664716938,0.9494013083683066,0.9470213922765547,0.9446168586773425,0.9421879480604366,0.9397349009065769,0.9372579577059083,0.9347573589406017,0.9322333450986124,0.9296861566656408,0.927116034128847,0.9245232179702569,0.9219079486810328,0.9192704667436611,0.9166110126503876,0.9139298268854161,0.9112271499287653,0.908503222285072,0.9057582844224935,0.9029925768376155,0.9002063400154213,0.8973998144492658,0.8945732406266195,0.891726859026901,0.8888609101447544,0.8859756344687284,0.8830712724927839,0.8801480646938956,0.8772062515759625,0.8742460736219598,0.8712677713146681,0.8682715851569148,0.865257755627731,0.8622265232273979,0.8591781284377589,0.8561128117573241,0.8530308136790233,0.849932374680944,0.8468177352729638,0.8436871359374423,0.840540817158271,0.8373790194474877,0.834201983289631,0.8310099491692335,0.8278031575917856,0.8245818490515651,0.8213462640341812,0.8180966430429681,0.8148332265525488,0.811556255089216,0.8082659691216526,0.8049626091630295,0.8016464156948659,0.7983176292303513,0.7949764902412856,0.7916232392503408,0.7882581167416474,0.784881363216141,0.7814932191600147,0.7780939250919705,0.7746837214902949,0.7712628488764905,0.7678315477195568,0.7643900585369046,0.7609386218343366,0.7574774780958187,0.7540068678316911,0.7505270315338255,0.7470382097121085,0.7435406428627709,0.7400345714828352,0.7365202360817533,0.7329978771548273,0.7294677352098508,0.7259300507387791,0.722385064256409,0.7188330162697161,0.7152741472525908,0.7117086977404412,0.7081369082215986,0.7045590192032934,0.7009752711904366,0.6973859046828227,0.6937911601888666,0.6901912782121216,0.6865864992602227,0.6829770638346493,0.6793632124420916,0.675745185591269,0.6721232237887311,0.6684975675315449,0.6648684573339025,0.6612361337027988,0.6576008371491112,0.6539628081655747,0.6503222872769691,0.646679514971571,0.6430347317808057,0.6393881781928419,0.6357400947298472,0.6320907218877594,0.6284403001846203,0.6247890701255447,0.6211372722229545,0.6174851469871582,0.6138329349151946,0.6101808765376716,0.6065292123444892,0.6028781828610584,0.5992280285900574,0.5955789900426511,0.5919313077255581,0.5882852221676369,0.584640973854074,0.5809988033173252,0.5773589510551813,0.5737216575934808,0.5700871634275009,0.5664557090824093,0.5628275350643993,0.5592028818851127,0.5555819900577099,0.5519651000987047,0.5483524525144831,0.5447442878224629,0.5411408465327092,0.5375423691607267,0.5339490962192049,0.5303612682180665,0.5267791256723044,0.5232029090971835,0.5196328590045853,0.516069215907998,0.5125122203209089,0.5089621127563021,0.5054191337294871,0.5018835237538425,0.4983555233400994,0.49483537300669034,0.4913233132640953,0.48781958462758057,0.4843244276104429,0.4808380827267975,0.4773607904909165,0.4738927914161518,0.4704343260165531,0.46698563480615507,0.463546958299331,0.46011853700940153,0.4567006114506108,0.4532934221370095,0.44989720958266527,0.4465122143013813,0.4431386768074845,0.4397768376145642,0.4364269372370364,0.43308921618871565,0.4297639149838044,0.42645127413617917,0.4231515341599492,0.41986493556908255,0.4165917188778583,0.4133321246000311,0.4100863932497992,0.40685476534109977,0.4036374813880914,0.4004347819047958,0.39724690740523805,0.3940740984034842
1.0020286071224065,1.0002933172534978,0.9985345263098875,0.9967523972254462,0.9949470929343529,0.9931187763719791,0.9912676104746585,0.9893937581781123,0.9874973824161337,0.9855786461212257,0.9836377122245281,0.9816747436566691,0.9796899033481098,0.9776833542307969,0.9756552592359751,0.973605781291545,0.9715350833253209,0.9694433282632678,0.9673306790285237,0.9651972985422537,0.9630433497275626,0.9608689955054189,0.9586743987909618,0.9564597224972659,0.9542251295367616,0.9519707828245382,0.9496968452733003,0.9474034797993295,0.9450908493169097,0.9427591167438665,0.9404084449945922,0.9380389969838171,0.9356509356233644,0.9332444238269325,0.9308196245080719,0.9283767005760966,0.9259158149442532,0.9234371305268609,0.9209408102458185,0.9184270170202018,0.9158959137701356,0.9133476634106177,0.9107824288620929,0.9082003730451655,0.9056016588720623,0.9029864492592832,0.9003549071234437,0.8977071953850344,0.8950434769664364,0.8923639147908243,0.8896686717755992,0.8869579108405181,0.8842317949005594,0.8814904868701668,0.8787341496599754,0.8759629461831964,0.8731770393448686,0.8703765920569715,0.867561767219621,0.8647327277363401,0.8618896365089103,0.8590326564428691,0.8561619504421614,0.8532776814081728,0.8503800122430677,0.847469105844155,0.8445451251086862,0.8416082329351795,0.8386585922191723,0.8356963658544323,0.8327217167342469,0.8297348077440916,0.8267358017753328,0.8237248617166318,0.8207021504543821,0.8176678308705347,0.8146220658486618,0.811565018271964,0.8084968510291696,0.805417727011964,0.8023278091078123,0.7992272602015603,0.7961162431831691,0.7929949209394451,0.7898634563580487,0.7867220123268501,0.7835707517424627,0.7804098375102334,0.7772394325465897,0.7740596997765106,0.7708708021281302,0.7676729025357456,0.7644661639398459,0.7612507492903722,0.758026821541418,0.7547945436540667,0.75155407859577,0.7483055893418568,0.7450492388819725,0.7417851902104388,0.7385136063404113,0.7352346502827107,0.7319484850670556,0.7286552737163622,0.7253551792807782,0.7220483648195791,0.718734993398848,0.7154152281100796,0.7120892320606479,0.7087571683841531,0.7054192002128945,0.7020754907158754,0.6987262030887965,0.6953715005311196,0.6920115462914991,0.6886465036186249,0.6852765358227118,0.6819018062190576,0.6785224781688479,0.675138715062993,0.6717506803313492,0.6683585374334245,0.6649624498964934,0.6615625812426508,0.6581590950806879,0.6547521550375376,0.6513419248182778,0.6479285681377666,0.6445122488040775,0.6410931306511425,0.6376713775930534,0.6342471535751938,0.6308206226148032,0.6273919487787201,0.6239612962104856,0.6205288291089693,0.6170947116906466,0.613659108298909,0.6102221832885228,0.6067841010795845,0.6033450261561022,0.5999051230422533,0.5964645563162343,0.593023490613036,0.589582090605637,0.5861405210220946,0.5826989466461365,0.5792575322596262,0.5758164427352911,0.5723758429629556,0.5689358978571678,0.5654967723755968,0.5620586315160742,0.5586216402856962,0.5551859637307188,0.5517517669364801,0.5483192149919944,0.5448884730248289,0.5414597061806915,0.538033079623097,0.534608758528357,0.5311869081201487,0.5277676935953223,0.5243512802038489,0.5209378331902503,0.517527517822244,0.5141204993929385,0.5107169431855458,0.5073170145170185,0.5039208787019271,0.5005287010661528,0.49714064694957094,0.49375688169636794,0.4903775706526189,0.4870028791765555,0.48363297263681904,0.4802680163932221,0.47690817582727074,0.47355361630672804,0.47020450322484963,0.46686100196852975,0.463523277924754,0.4601914964936391,0.4568658230736523,0.45354642306156595,0.4502334618637902,0.4469271048876825,0.4436275175402268,0.44033486523340215,0.43704931338207487,0.4337710273984263,0.4305001726952841,0.427236914685942,0.42398141878460754,0.42073385040472255,0.41749437495482483,0.414263157847379,0.4110403644932801,0.40782616030231394
0.9671459728651397,0.9661523498123864,0.9651213287191698,0.9640531688300351,0.9629481293906236,0.9618064696475455,0.9606284488470485,0.9594143262337496,0.9581643610510754,0.9568788125428894,0.9555579399545024,0.954202002531237,0.9528112595166047,0.9513859701535043,0.9499263936854472,0.9484327893575639,0.9469054164138443,0.945344534096999,0.9437504016477148,0.942123278306233,0.9404634233130036,0.9387710959081778,0.93704655533208,0.9352900608228286,0.9335018716188443,0.9316822469589052,0.9298314460818797,0.9279497282244374,0.9260373526257363,0.9240945785238739,0.9221216651579685,0.9201188717653863,0.9180864575887409,0.9160246818627168,0.9139338038290324,0.9118140827211125,0.909665777782442,0.9074891482449505,0.905284453353003,0.903051952348761,0.9007919044742579,0.8985045689746869,0.8961902050975527,0.8938490720889076,0.891481429195875,0.8890875356655531,0.8866676507496433,0.8842220336876782,0.8817509437415367,0.8792546401598383,0.8767333821965114,0.8741874291093374,0.8716170401589252,0.869022474597221,0.8664039916771996,0.863761850678372,0.8610963108453052,0.8584076314495572,0.8556960717585105,0.8529618910435977,0.8502053485741287,0.8474267036299011,0.8446262154723053,0.8418041433940858,0.8389607466610762,0.8360962845597686,0.8332110163753067,0.8303052013733156,0.827379098852985,0.824432968094394,0.8214670683910696,0.818481659017832,0.8154769992696188,0.8124533484373208,0.8094109658200741,0.8063501106963645,0.8032710423710236,0.8001740201481609,0.7970593033135627,0.7939271511773822,0.790777823039205,0.7876115782051877,0.7844286759822603,0.7812293756737181,0.7780139366021442,0.7747826180736174,0.7715356794024436,0.7682733799063542,0.7649959788877716,0.7617037356779558,0.7583969095883075,0.7550757599386015,0.7517405460555356,0.7483915272524968,0.7450289628617567,0.7416531122060603,0.738264234603332,0.7348625893824818,0.7314484358759484,0.7280220334065568,0.7245836413077216,0.7211335189035786,0.7176719255267774,0.714199120511818,0.7107153631825405,0.7072209128810382,0.7037160289371659,0.7002009706887156,0.6966759974697838,0.6931413686251091,0.6895973434901032,0.6860441814095846,0.6824821417183052,0.6789114837721241,0.6753324669076601,0.6717453504758608,0.6681503938191414,0.664547856290883,0.6609379972321486,0.657321075998858,0.6536973519408226,0.6500670844054355,0.646430532753219,0.6427879563341449,0.6391396145083261,0.6354857666303478,0.6318266720584409,0.6281625901560508,0.6244937802828608,0.6208205018034185,0.617143014082237,0.6134615764868453,0.6097764483853105,0.6060878891447838,0.6023961581342752,0.5987015147261848,0.5950042182891132,0.5913045281959141,0.5876027038186958,0.5838990045343863,0.5801936897171734,0.5764870187421807,0.5727792509864127,0.569070645822113,0.5653614626340467,0.5616519607908157,0.5579423996802138,0.5542330386738603,0.5505241371549208,0.5468159545027099,0.5431087500963656,0.5394027833166336,0.5356983135468534,0.5319956001659559,0.5282949025590338,0.5245964801074768,0.5209005921931247,0.5172074982016245,0.5135174575176258,0.5098307295251263,0.5061475736115738,0.5024682491631407,0.4987930155643697,0.49512213220239726,0.49145585846251183,0.48779445373341823,0.4841381774024666,0.4804872888593802,0.4768420474935948,0.47320271269454667,0.46956954385303995,0.4659428003583639,0.46232274160087683,0.45870962697034434,0.4551037158576003,0.45150526765427285,0.44791454175096956,0.4443317975394455,0.4407572944098854,0.43719129175361243,0.43363404896299235,0.4300858254295073,0.42654688054283507,0.4230174736943881,0.4194978642728213,0.415988311666629,0.4124890752658785,0.4090004144576249,0.40552258863027413,0.4020558571723338,0.3986004794712591,0.3951567149139947,0.3917248228891807,0.38830506278392307,0.3848976939854243,0.38150297588176996,0.3781211678600667,0.3747525293079781,0.3713973196131422
0.9721963966358645,0.9719011959159012,0.9715463223371634,0.9711323016484743,0.9706596595986865,0.9701289219366236,0.9695406144108091,0.9688952627706923,0.9681933927641702,0.9674355301410427,0.9666222006494554,0.9657539300385243,0.9648312440560834,0.9638546684529654,0.9628247289764336,0.9617419513754994,0.960606861399043,0.959419984796922,0.9581818473145164,0.956892974705796,0.9555538927148881,0.9541651270938785,0.9527272035909409,0.9512406479517542,0.9497059859315606,0.9481237432726191,0.9464944457244401,0.9448186190410026,0.9430967889661224,0.9413294812514701,0.9395172216428384,0.9376605358945705,0.9357599497496385,0.9338159889557884,0.9318291792688573,0.9298000464380327,0.9277291162007641,0.9256169143171253,0.9234639665318549,0.9212707985925198,0.9190379362499175,0.9167659052582692,0.9144552313527599,0.9121064402871909,0.9097200578217902,0.9072966096865063,0.904836621658156,0.9023406194576195,0.8998091288353999,0.8972426755593761,0.8946417853784606,0.892006984020407,0.8893387972375746,0.8866377507953318,0.883904370430392,0.8811391818886963,0.8783427109359684,0.8755154833023903,0.8726580247651469,0.8697708610261549,0.866854517878591,0.8639095210390993,0.8609363963074554,0.8579356693438231,0.8549078659967901,0.851853511939793,0.8487731329530509,0.8456672547954778,0.8425364032010019,0.8393811039093373,0.8362018826764431,0.8329992652788569,0.8297737774530358,0.8265259449217799,0.8232562934389897,0.8199653487808057,0.8166536366707626,0.8133216828840747,0.8099700131399004,0.8065991532145282,0.803209628833443,0.7998019657608608,0.7963766897481019,0.7929343265276602,0.7894754018543046,0.7860004414959166,0.7825099711776152,0.7790045166770702,0.7754846037048468,0.7719507580250098,0.7684035054118128,0.7648433716027944,0.7612708823067657,0.7576865633196056,0.7540909403956939,0.7504845392543097,0.7468678856367288,0.7432415053466607,0.7396059240767575,0.7359616676150142,0.7323092616764598,0.7286492320261218,0.7249821044375592,0.7213084046245921,0.7176286583473593,0.7139433913823903,0.7102531294377494,0.7065583982571099,0.702859723640078,0.6991576312957823,0.6954526470161282,0.6917452965246585,0.6880361055359234,0.6843255998419508,0.6806143051672396,0.6769027473236567,0.6731914519738174,0.6694809449354795,0.6657717518965973,0.6620643986870002,0.6583594109596199,0.654657314559336,0.6509586351638326,0.6472638985554966,0.6435736304813021,0.6398883566840463,0.6362086029481345,0.6325348949400308,0.6288677585003245,0.6252077193330681,0.6215553031908647,0.6179110358407167,0.6142754430002695,0.6106490504704789,0.6070323839452942,0.6034259692127989,0.5998303320037497,0.5962459980792867,0.5926734931754128,0.5891133430709236,0.5855660734803115,0.5820322101687557,0.5785122788929697,0.5750068053886485,0.571516315416239,0.568041334727708,0.5645823890613073,0.5611400041721275,0.5577147058251745,0.554307019745944,0.5509174717054702,0.5475465874258546,0.5441948926877019,0.5408629132327091,0.5375511748005669,0.5342602031364174,0.5309905240178728,0.5277426631727477,0.5245171463548935,0.5213144993171469,0.5181352478032506,0.5149799175751874,0.5118490343737683,0.5087431239490071,0.505662712057507,0.5026083244361366,0.49958048685380696,0.4965797250438283,0.4936065647671769,0.49066153176462135,0.4877451517942563,0.48485795060186887,0.48200045394016816,0.47917318755515115,0.4763766772014283,0.47361144862573495,0.4708780275798947,0.46817693981228875,0.4655087110743701,0.46287386711592454,0.46027293368650246,0.45770643653715176,0.4551749014169313,0.4526788540754727,0.4502188202644836,0.44779532573269815,0.44540889623105007,0.44306005750784994,0.44074933531519545,0.4384772554022126,0.43624434351891594,0.4340511254154561,0.43189812684188855,0.42978587354812037,0.4277148912844849,0.4256857058007642,0.4236988428471451,0.42175482817349086,0.41985418753007114
0.9604620237318153,0.9668101548823118,0.9722830442542362,0.9769199497140614,0.9807679852676824,0.9838792620821366,0.9863104743103349,0.9881239038865808,0.9894044246307288,0.9902628703032612,0.9908145880128372,0.9911760400919171,0.9914640496900566,0.9917954677367404,0.9922868491461397,0.993053774106307,0.9942095781496337,0.995862210772851,0.9978636340827212,1.0000137532093671,1.0021064795824877,1.0039320426505092,1.0052768375586032,1.0059236426455243,1.0056535949047136,1.0042471819813028,1.001484654668754,0.99714629004662,0.9910126657337759,0.9828651154523712,0.9724878884210416,0.9606117386849347,0.9479756633078464,0.9353202199876623,0.9233864428407662,0.9129154038070761,0.9046477954228489,0.8993229905514036,0.8976755696483925,0.8997094379409816,0.9046251280507492,0.9116178804826002,0.9198806719139722,0.928605363148967,0.936983461635351,0.9442065131285767,0.9494665987272389,0.9519592834860611,0.9519490890162181,0.9497024820171858,0.945486297220279,0.939567349392484,0.9322121117528759,0.9236861937169843,0.9142538502124543,0.9041781205351892,0.8937210517405908,0.8831436035212895,0.872705272788784,0.8626637674267312,0.8532749230394986,0.8447923287353591,0.8374644659218324,0.8315224858787048,0.8271669449049742,0.8245729124934084,0.823614093754832,0.8238552778609597,0.8248580953166804,0.8261834171523837,0.8273919329321787,0.828044445276729,0.8277022256621412,0.8259275855657187,0.8222855525943689,0.8163546769051689,0.8088149863177211,0.8003511067689547,0.7916493211456087,0.7833966028316559,0.7762800564993033,0.7709865218004068,0.7682013315733496,0.7679993491865555,0.7695696002781847,0.7720994738598157,0.7747760075790399,0.7767863227505609,0.7773182175670923,0.7755632595152794,0.7717784387143707,0.7662285163616189,0.7591801683662676,0.7509008215826061,0.7416581611110336,0.7317198733227384,0.7213534204187576,0.7108257141660412,0.7004025207314621,0.6903467004723236,0.680913586142029,0.6723416510995485,0.6648574012660646,0.6586812867740219,0.6540298037318644,0.6511145818232731,0.6501370261937528,0.6512850102777192,0.654717781291298,0.660006835528234,0.6667194789194637,0.6744215847411461,0.682678392405236,0.6910547496327797,0.6991151833892184,0.7064239107895736,0.7125449205651059,0.7170421472603337,0.7194796954978938,0.7194222751621422,0.7164369504465053,0.7102248497057382,0.7015968679217183,0.6913659501404974,0.6803458429596274,0.6693505556598536,0.6591940530984041,0.6506898808870074,0.6446498327677919,0.6417738142652692,0.6413542127857759,0.6426815711333316,0.645045876858594,0.6477369200824493,0.650044529020906,0.6512587700869964,0.6506702526350007,0.6475708695154632,0.6412585348124831,0.6310821835911908,0.6181931386880996,0.6037464902378343,0.588898113927752,0.5748039632788028,0.5626195788227625,0.5534988702162712,0.5485885289311538,0.5473126860131715,0.5490931488135731,0.5533512493816086,0.5595082325616897,0.5669854403072647,0.5752043619793568,0.5835865660374328,0.5915534937244745,0.598526116441167,0.6039243270889223,0.6071669752301726,0.6076725773130972,0.6048597072702865,0.5981475350901706,0.5869579009164946,0.5722463495109985,0.5549962066019207,0.5361924953338608,0.5168206213433133,0.49786595330910144,0.4803133200275159,0.4651448618914902,0.4533166109248963,0.44548346763233526,0.4411197303632332,0.4396958633809726,0.44068075285616953,0.4435424604922237,0.4477487157799426,0.45276722608438047,0.4580659813702207,0.46311380184776496,0.4673829465854488,0.4708797977100014,0.4736172029515601,0.475609197841182,0.47687017058373365,0.47741449956611215,0.47725622651378513,0.4764085893804185,0.4748831634615964,0.4726896289924212,0.4698362832191,0.46633069698750856,0.4621801600077454,0.45739194748664413,0.45197357520718356,0.44593314994776334,0.43927998957363357,0.43202697842116883,0.4242218656447955,0.4159267915269332
0.9993318999758534,0.9973663409016703,0.9953884090225733,0.9933981292355982,0.9913955264374954,0.9893806255249931,0.9873534513954039,0.9853140289441711,0.9832623830706113,0.9811985386697959,0.9791225206389504,0.9770343538750006,0.9749340632742952,0.9728216737350712,0.9706972101538869,0.9685606974251277,0.9664121604504238,0.9642516241223,0.9620791133392599,0.9598946529997973,0.9576982679974739,0.955489983233501,0.9532698236000614,0.9510378139980579,0.9487939793223628,0.9465383444723307,0.9442709343405733,0.9419917738278527,0.9397008878304097,0.937398301244405,0.9350840389660301,0.9327581258963649,0.9304205869291673,0.9280714469621897,0.925710730893013,0.9233384636167764,0.9209546700370089,0.9185593750444876,0.9161526035344736,0.9137343804104388,0.9113047305722622,0.9088636789082922,0.9064112503169801,0.9039474697057819,0.901472361957884,0.8989859519889236,0.8964882646780077,0.8939793249296664,0.8914591576468983,0.8889277877176992,0.8863852400570829,0.8838315395319577,0.8812667110702422,0.8786907795588603,0.8761037698963227,0.8735057069680789,0.8708966156958096,0.8682765209631722,0.8656454476647463,0.863003420710979,0.8603504649985563,0.8576866054100979,0.8550118668575428,0.8523262742476625,0.849629852453288,0.8469226263996873,0.8442046209593073,0.841475861064457,0.8387363715808814,0.8359861774317087,0.8332253035015625,0.8304537747058018,0.8276716159028635,0.824878852053898,0.8220755080091338,0.8192616086929954,0.816437178991668,0.8136022437958191,0.8107568280352795,0.807900956599739,0.8050346543668069,0.8021579462699526,0.7992708571838647,0.7963734120180128,0.7934656356648838,0.7905475530491037,0.7876191890281193,0.7846805685651714,0.7817317164878986,0.778772657761497,0.7758034172450039,0.7728240198495033,0.7698344904958855,0.766834854058083,0.763825135438682,0.7608053595802226,0.7577755513203523,0.7547357356171742,0.751685937340288,0.7486261813982297,0.7455564927036489,0.7424768961413132,0.7393874166128616,0.7362880790437493,0.7331789083283584,0.7300599293383847,0.7269311670303662,0.7237926462570291,0.7206443919354131,0.7174864289987746,0.714318782292435,0.7111414767818259,0.7079545373308535,0.7047579888425856,0.7015518562359451,0.6983361644120095,0.6951109382626324,0.6918762026942711,0.6886319826110007,0.6853783029456108,0.682115188553929,0.6788426643504823,0.6755607552762551,0.6722694861796261,0.6689688820162626,0.665658967657317,0.6623397680282185,0.6590113079988318,0.6556736125083635,0.6523267064434768,0.6489706147180143,0.6456053622254772,0.642230973876257,0.6388474745812813,0.6354548892297814,0.6320532427330275,0.6286425599983099,0.6252228659367127,0.6217941854372865,0.6183565434042266,0.6149099647589406,0.6114544743965507,0.6079900972224155,0.6045168581405643,0.601034782053043,0.5975438938716645,0.5940442184962651,0.5905357808338388,0.5870186057838178,0.5834927182642224,0.579958143166921,0.5764149054026523,0.572863029874963,0.5693025414889397,0.5657334651517232,0.5621558257686333,0.5585696482430835,0.5549749574794288,0.5513717783829163,0.5477601358647317,0.5441400548212637,0.5405115601646853,0.5368746767970869,0.5332294296241685,0.5295758435521869,0.5259139434847744,0.5222437543277568,0.5185653009927549,0.514878608373285,0.5111837013834916,0.5074806049252153,0.5037693439079036,0.5000499432339036,0.496322427807499,0.49258682253812014,0.48884315232721637,0.48509144208417454,0.481331716711514,0.4775640011155837,0.47378832020269657,0.4700046988767506,0.4662131620452954,0.4624137346127178,0.45860644148465796,0.4547913075672408,0.4509683577652429,0.4471376169851108,0.4432991101315668,0.43945286211079165,0.4355988978279177,0.4317372421889645,0.4278679200991149,0.42399095646417595,0.4201063761896099,0.4162142041810904,0.41231446534415594,0.40840718458434844,0.4044923868072743,0.40057009691850165
0.9517723540834327,0.9548204170493733,0.9602565032755948,0.9674317302173778,0.9756907893386861,0.9843770977025271,0.9928336728706681,1.0004034488746978,1.0064294423496887,1.010254940542899,1.0112238868792598,1.0086819477591094,1.0019819824712148,0.9923358353886446,0.9809616082007662,0.9690783530861764,0.9579051928123081,0.9486606843307324,0.942560264918842,0.9391580354396902,0.9380000614579564,0.9386312960874648,0.9405965630634963,0.9434411456058359,0.9467130905760183,0.950178169795648,0.9536295499034125,0.9568631603286029,0.959676076451214,0.9618660775920642,0.9632315370682111,0.9635716250004129,0.9626870087242927,0.96038187500506,0.9564743221726428,0.9512417431555911,0.944967962032698,0.9379395846512063,0.930445262938008,0.9227754371090571,0.9152218656779736,0.908076938765369,0.9016331136554374,0.8961824131120092,0.8920152865958098,0.8894155335667991,0.8879957537102788,0.8873587063322456,0.8871057070142863,0.8868377921093694,0.8861562545082251,0.8846636303415342,0.8819738584498859,0.8785139001447584,0.8747141524290117,0.8710057696100545,0.8678199823726549,0.8655876287675394,0.8647378662334324,0.8656488232620807,0.8672231222535951,0.8683615450667698,0.8679645859058732,0.8649330233809951,0.8581693329226443,0.8485388643714291,0.8374793040078846,0.8264298944617599,0.8168301723694044,0.8101194878727759,0.8077360884030169,0.8111135258786661,0.818642235311807,0.8287081550454545,0.8396953455689482,0.8499868093300036,0.8579650916929615,0.8620127145933869,0.8605126410595739,0.8518497398465388,0.8377661943207703,0.820015771182547,0.8003532926533057,0.7805338757338768,0.7623125621271775,0.7474438788446881,0.7376810969551542,0.7347740119494038,0.7404441691638791,0.7524391484316866,0.768498509718812,0.7863592120762756,0.8037573758770988,0.818428965958344,0.8281102441966919,0.8305387286745618,0.8234574182417029,0.808768629013357,0.7883891238344216,0.7642391853730799,0.7382402893671384,0.7123142607002209,0.6883827952180118,0.6683668211316804,0.6541839373908507,0.6450241678325231,0.6400682191553355,0.6384955044614995,0.6394849534972821,0.642215371994546,0.6458657286417094,0.6496156260212625,0.6526470162082905,0.6550528996040185,0.6569308180198383,0.6583788044923209,0.6594947304634635,0.6603750726723628,0.6610527884594264,0.6613615097276685,0.6611332876030122,0.6601999105037254,0.6583934572030004,0.6555474012408878,0.6514999101327378,0.6464840012903388,0.6407583071802222,0.6345840322948144,0.6282232748551679,0.6219385714356617,0.6159925477815983,0.6106475346206813,0.6061649225871856,0.602803554899504,0.6008143398496395,0.5998401889223138,0.5995103724004763,0.5994512038309616,0.5992875790998757,0.5986436145358577,0.5971430359383143,0.5944094530637827,0.5900666549319428,0.5837391132675077,0.5750541134210494,0.5651572022499002,0.5552039882300971,0.5463516008203104,0.5397575310069651,0.5365790939343941,0.5379722862049177,0.5426931557383667,0.5494901698956687,0.557110946714198,0.5643029682149203,0.5698140156868449,0.5723930491019042,0.5707941838966915,0.565636736053597,0.5575489334240433,0.547161087238939,0.5351043731672956,0.5220103090961267,0.5085104719594848,0.4952363114165087,0.4828190271585645,0.47188946480013905,0.46307788322309196,0.4570133325093554,0.4543214139132374,0.45421167897237025,0.455847053393321,0.4583880395348269,0.46099456067999556,0.4628265202536562,0.4630443149642358,0.4608105255387242,0.45667736718091634,0.45120189366190155,0.44494199644352733,0.43845569192594513,0.4323005402051976,0.4270315281934439,0.4228347840803869,0.4195446619068085,0.4169924350752719,0.41500856015616955,0.41342329384609106,0.41206704997051724,0.4107708266275315,0.40936714880233926,0.4076962467638424,0.4057525134827431,0.4035389283776822,0.40106100557266877,0.39832551738947286,0.3953398549814108,0.39211168525896545,0.38864877215879057
1.0083835537221222,1.0088878191546904,1.0087725623341257,1.0079889805159414,1.0064876343178475,1.0042191591754874,1.0011352776275444,0.99719580793575,0.9925987395638076,0.9875456825793485,0.9822393424096483,0.9768829660879035,0.9716801843471085,0.9668347875232912,0.9625504066388626,0.9590300343756221,0.9564748618194102,0.9550802036050964,0.9550217854784981,0.9560324986165135,0.9578328868746251,0.9601394986507873,0.9626667800513109,0.9651279737564021,0.9672358353735873,0.9687031074468666,0.9692430115229077,0.968570353480523,0.9664071124665107,0.9630477049819877,0.9587941453094979,0.953949838771611,0.9488185427584225,0.943703868486058,0.9389086455238062,0.934733600914921,0.9314742921272505,0.9294152567848295,0.9287223162676757,0.928916011308756,0.9295132159236827,0.9300299498383048,0.929982065953497,0.9288856795185785,0.9262576812815139,0.9216164290431597,0.9144828374016462,0.9043853803545961,0.8921682150834016,0.878702099174404,0.8648614781032011,0.8515219622382991,0.8395596189658856,0.8298505589673634,0.8232705366904717,0.8206941650372004,0.8229912479821994,0.8291024180723473,0.8379610183395457,0.8484989895596317,0.8596476529752932,0.8703380684110413,0.8795013751349057,0.8860692612426571,0.8889747335010526,0.8871545662158471,0.8795734177445621,0.8679651120968033,0.8540682225015305,0.8396223351392614,0.8263671910513213,0.8160421244528574,0.810384579186952,0.8111138714293564,0.8161975672806319,0.8235997515736405,0.8312839211566155,0.837213729346875,0.839354167043111,0.8356814141008589,0.8277212239424311,0.8170021440343314,0.8050530233062921,0.793402195113868,0.7835740320973575,0.7766225309037975,0.772053878113449,0.7693705339430705,0.7680737182179084,0.7676641698821118,0.7676426184139717,0.7675102951344966,0.766770142555712,0.7649321286369626,0.7621861680016977,0.758728454451914,0.7547563259802801,0.7504673871590025,0.7460589439669338,0.7417269083057626,0.7376559399525193,0.7338272371987584,0.7302176320091137,0.7268028038676524,0.7235580460831401,0.7204585958881176,0.7174798195506796,0.7145974021954272,0.7117875996072076,0.7090278182260285,0.7062974567373317,0.7035778481119249,0.7008513175005928,0.6981005005964811,0.695307964294271,0.6924559455702045,0.6895262157990193,0.6864999856927019,0.6833577404740376,0.6800788665465212,0.6766397777564017,0.6729176058702151,0.6686029716038463,0.6633837183766329,0.6569472552843151,0.6489812753935836,0.6391754244523409,0.6276396292499288,0.615110560800494,0.6023286444963527,0.5900352622943398,0.5789720612188434,0.5698804530575323,0.5635007329479985,0.5605677377068772,0.5605519542263675,0.5629003843241307,0.5670573839404516,0.5724663004436648,0.5785700226148764,0.5848112645387133,0.5906328346311167,0.5954779954816702,0.5987909884742162,0.6000176823515029,0.5986063462632625,0.5940107159725856,0.5865406462177841,0.5770106997651238,0.5662392142266188,0.5550453754936961,0.5442484574186558,0.5346672269399442,0.527118973230772,0.5224161653205448,0.5213540347973405,0.5230768124011016,0.5267243501249163,0.5314354386026973,0.5363485974096844,0.5406025412120492,0.5433367282447635,0.543693041552714,0.5408458140353591,0.535428943227254,0.5280818623888628,0.5194455667599202,0.510161539202756,0.5008712320724418,0.4922155285164823,0.4848334899674258,0.47935699367162643,0.4757402784233996,0.47369543063427716,0.4729070730914926,0.4730474970641309,0.47378388041226316,0.4747815258695035,0.47570468382249814,0.47621696439315997,0.47598163119131187,0.47466180989857687,0.4719207253578548,0.46742215650117336,0.4608317466846702,0.4518302995506509,0.44102138826827714,0.42901451452066913,0.41642167566021204,0.40385612393202835,0.3919316783670493,0.3812622877142857,0.3724616900916225,0.3661429114969035,0.3629163984816966,0.36220724302671015,0.362808515568534,0.3635096158464697,0.3630989605195791
1.0174936515372506,1.017128464167561,1.0165742080904145,1.0158358844136146,1.0149184942375684,1.0138270386539063,1.0125665187434025,1.0111419355729627,1.009558290194634,1.0078205836406402,1.0059338169230756,1.0039029910277317,1.0017331069125597,0.9994291655015524,0.9969961676802098,0.9944391142926443,0.9917630061320752,0.9889728439380299,0.9860736283854967,0.983070360083208,0.9799680395606098,0.9767716672609532,0.9734862435318019,0.9701167686126473,0.9666682426258562,0.9631456655598278,0.9595540372597761,0.9558983574041595,0.9521836254895084,0.9484148408117402,0.9445970024398238,0.9407351091818135,0.9368341595643467,0.9328991517791942,0.9289350836547416,0.924946952584088,0.9209397554731259,0.9169184886534457,0.9128881477872688,0.908853727725133,0.9048202223611608,0.900792624391561,0.8967759249920839,0.892775113365454,0.8887951760164094,0.8848410955812772,0.8809178486725315,0.877030401404502,0.8731836972439324,0.8693825996408863,0.8656266193189042,0.8619149693137765,0.8582468102659904,0.8546212818805581,0.8510375125901914,0.8474946237362984,0.84399173173796,0.8405279493889373,0.8371023866954794,0.8337141514340924,0.8303623495621426,0.8270460855364795,0.8237644625484334,0.820516582716431,0.8173015472421071,0.8141184565248447,0.8109664102857943,0.8078445076362145,0.8047518471615118,0.8016875269879751,0.7986506448197677,0.795640298006615,0.7926555835723488,0.7896955982504229,0.7867594385209842,0.7838462006327162,0.7809549806299939,0.7780848743718525,0.775234977557678,0.7724043857376084,0.7695921943297329,0.76679749863856,0.764019393862547,0.7612569751102225,0.7585093374086243,0.7557755757129281,0.7530547849179721,0.7503460598660965,0.7476484953543171,0.7449611861423574,0.7422832269619617,0.7396137125205757,0.736951737510829,0.7342963966161817,0.731646784517339,0.7290019958993322,0.726361125458335,0.7237232679076518,0.721087517985497,0.718452970462063,0.7158187201457452,0.713183861891696,0.7105474906094655,0.7079087012727309,0.7052665889231378,0.7026202486892584,0.6999687757845248,0.6973112655307783,0.6946468133597926,0.691974514833562,0.6892934656575697,0.6866027616908791,0.6839014989733542,0.681188773735123,0.6784636824263038,0.675725321739389,0.6729727886350183,0.6702051803741436,0.6674215945657642,0.6646211291879219,0.661802882668218,0.6589659539194471,0.6561094424356229,0.653232448366571,0.6503340726494973,0.6474134171222863,0.6444695847431885,0.641501679801559,0.6385088082406515,0.6354900781259885,0.6324446002689659,0.6293714892385189,0.6262698649820349,0.6231388556998467,0.6199776037733751,0.616785280749796,0.6135611353330169,0.6103069356081986,0.6070245369242897,0.6037158250772088,0.6003827009545459,0.5970270743465106,0.5936508609168074,0.5902559804819644,0.5868443559656439,0.583417912683715,0.5799785778247579,0.5765282801240869,0.5730689495667755,0.5696025171908278,0.566130914919081,0.5626560754311595,0.5591799320710125,0.5557044187504796,0.5522314698824863,0.548763020327495,0.545301005334506,0.5418473605067871,0.5384040217613855,0.5349729252970671,0.5315560075688116,0.5281552052615159,0.5247724552692944,0.5214096946796314,0.5180688607495687,0.5147518909043678,0.5114607227081336,0.5081972938635747,0.504963542201162,0.5017614056627555,0.4985928222988876,0.49545973025838186,0.49236406778045994,0.4893077731923652,0.4862927848961226,0.4833210413684117,0.48039448114945116,0.47751504284523527,0.4746846651139005,0.4719052866676554,0.4691788462639278,0.4665072827047172,0.4638925348299167,0.46133654151406944,0.45884124166524354,0.45640857421727393,0.45404047813177406,0.4517388923926733,0.4495057560041579,0.44734300798934473,0.4452525873873588,0.44323643325192985,0.441296484649341,0.4394346806567576,0.4376529603611999,0.43595326285776015,0.4343375272488681,0.43280769264241015,0.43136569815127324
1.0207890007675389,1.0062602992334446,0.9928854004836626,0.9818560617896294,0.9738472631398478,0.9684661029995005,0.9653174519744734,0.9640052595067903,0.964132989316606,0.9653038419154342,0.9671208819898438,0.9691871154533965,0.971105541677834,0.9724792033209276,0.9729112711672963,0.9720052763140703,0.969366319016351,0.9652290336846068,0.9598298239730728,0.9534055206781519,0.9461931261215007,0.9384297269557776,0.930352446690452,0.9221984100474764,0.9142047068903366,0.9066083479636854,0.8996462147243496,0.8935550012320717,0.8885711426650205,0.884930712640104,0.8828692507456881,0.8826213101707796,0.8844166534465949,0.8879434655908685,0.8928877287328999,0.8989347225162186,0.9057694018367382,0.9130765542647211,0.9205408891317477,0.9278470917544215,0.9346798656833335,0.940723977012846,0.9456643186378375,0.9491860228182644,0.9509747232460372,0.9507175439640093,0.9486102766671007,0.9448585107882794,0.9396686272929078,0.9332472261380618,0.9258009840273971,0.9175365924650836,0.9086607111078628,0.8993799154408086,0.8899006402510568,0.8804291360021628,0.8711714372539523,0.8623333342649133,0.8541203195641753,0.8467374880046489,0.8403893283425775,0.8352788342331305,0.831558229231254,0.8290255543762952,0.8274775576579243,0.8267106143320323,0.8265209667978888,0.8267048167023698,0.8270583808008969,0.8273779554085671,0.8274600485729047,0.8271017457986037,0.8261025839293736,0.8245257621982147,0.8224367621302233,0.8199016088451061,0.8169865274580842,0.813757827794468,0.8102818467362297,0.8066249023991744,0.8028532354124727,0.7990328926676769,0.7952293853584791,0.7915060038823738,0.7879019973797936,0.7844096357607793,0.7810157200193395,0.7777053941632929,0.7744631671389691,0.7712732658366539,0.7681197813918987,0.7649867420662261,0.7618581599093437,0.7587180697503674,0.7555505731967733,0.7523399019714379,0.7490705308215325,0.7457274714442065,0.7422973813323293,0.738786684082884,0.735205995941101,0.7315666535864359,0.7278802639950605,0.7241585726451211,0.7204134107902012,0.7166566704678398,0.7129002929712791,0.7091562642258543,0.7054366137594124,0.7017534171865196,0.6981188014551606,0.6945449532277225,0.691044132795103,0.6876286980586318,0.6843111295597809,0.6811040493111351,0.678020225606184,0.6750725488766192,0.6722739894892769,0.6696375569395079,0.6671762625565716,0.6649030818166997,0.662830905045256,0.6609724505889876,0.6593400395837862,0.6579445466577731,0.6567332128286747,0.6556331236262716,0.6545700358582345,0.6534693147132741,0.6522561748739277,0.6508557716924285,0.6491932522953485,0.6471937994698528,0.6447826834786696,0.6418853378380301,0.6384274901375852,0.6343354757930204,0.6295374062899843,0.6240376154824417,0.6179424542315746,0.6113599432474938,0.6043986422901075,0.5971673497706986,0.5897749711336437,0.5823304496293256,0.5749427164337717,0.5677206305850063,0.5607728660904869,0.5542075893246456,0.5481310544555803,0.5425924922561385,0.5375638761703798,0.5330153215829196,0.5289163761164589,0.5252363503590315,0.5219444466254306,0.519009823619226,0.5164016390254634,0.5140890908746886,0.5120414685971953,0.5102282174173365,0.5086189971057737,0.5071836961597092,0.5058924006548854,0.5047153593423458,0.5036229560512178,0.5025856895926963,0.5015741638484574,0.500559090740941,0.4995113073961607,0.498401814443302,0.4972018593404297,0.49588309919912443,0.49441790393061563,0.4927798816972673,0.490944739925346,0.4888935985075985,0.48661555192879247,0.4841027306850738,0.48134843519283455,0.47834655908525153,0.4750913715118257,0.47157742260102803,0.46779951489472854,0.46375270588049744,0.45943235046964104,0.45483422385777683,0.44995486393393924,0.4447928945131787,0.439394420857926,0.4338104887527262,0.4280930250272979,0.4222942454535309,0.4164664840170669,0.41066212246080297,0.4049335488981129,0.3993331272414822,0.3939131754311129
0.9565049218859181,0.9610684710240761,0.9663196097938174,0.9720315693747468,0.9779776543104551,0.9839312627852337,0.9896659181115188,0.9949553233621766,0.9995734708211532,1.0032949231047061,1.0058957130356023,1.0071579483775568,1.0071616305768654,1.0059961521659357,1.0037548208065565,1.0005328650311205,0.9964264557439443,0.9915322931033447,0.9859474369535237,0.9797692198862724,0.9730951841276869,0.9660230243725878,0.9586505376923302,0.951075581161407,0.9433960363003782,0.935709781626316,0.9281146702127228,0.9207085103416672,0.9135890476177603,0.9068539442279222,0.9006007503216972,0.8949268639142325,0.8899294859585818,0.8857055621566183,0.8823517093402022,0.8799641279771018,0.878638413314743,0.878469012141873,0.8795472594766612,0.8817620055104458,0.8849108591870961,0.888789411496257,0.8931926183798738,0.8979151882222801,0.902751733835721,0.9074968473632563,0.9119451587100017,0.9158914232250943,0.9191307353644604,0.9214593401054898,0.9226841686440895,0.9229162586429425,0.9222683723519323,0.9208538072378576,0.918786107164465,0.9161789562179499,0.9131461265672564,0.9098014427030221,0.9062587506171111,0.902631886290519,0.8990346374284008,0.8955806868197363,0.8923835108968524,0.8895561502480772,0.887210458868786,0.8854503446845223,0.8841760685452907,0.8832851853993999,0.8826742538284789,0.8822393596810318,0.8818763498117653,0.8814809504356064,0.8809488338605502,0.8801756639826669,0.8790571395749542,0.8774890529307622,0.8753674000013794,0.8725887131773544,0.8690523497101033,0.8648183123943586,0.859948321063893,0.8545045556581903,0.8485493918370142,0.8421452951634517,0.835354761377613,0.8282402690143855,0.8208642270791138,0.8132888939742016,0.8055762322284115,0.7977876467033885,0.7899835160774893,0.7822223680480438,0.7745600606107179,0.7670500726178572,0.7597443776910893,0.7526941607665881,0.7459501970428118,0.7395630171746114,0.73358297728507,0.728060286091692,0.7230449986187449,0.7185869652150918,0.714735676047415,0.7115396540567697,0.709039361793955,0.707144676823658,0.7057640285501671,0.7048053418778151,0.7041763121812142,0.7037845226343388,0.703537509448353,0.7033428097816901,0.7031080081837926,0.7027407982123319,0.7021490919464347,0.7012412645704774,0.6999270200383888,0.6981243682749878,0.6958577427839697,0.6931533358248949,0.6900378932079867,0.6865383742138518,0.682681826199737,0.6784953241453849,0.6740059320610357,0.6692406749311581,0.6642265263060096,0.6589904177727182,0.6535592632376431,0.6479599909813858,0.6422195840936976,0.6363651447334995,0.6304240287361424,0.6244242401581082,0.6183964182707443,0.6124040327044709,0.6065148818925096,0.6007975931556018,0.5953210503361552,0.5901542322041397,0.5853661396537787,0.5810257372667382,0.5772018658052296,0.5739630214712782,0.5713764343079795,0.5693270081877537,0.5676811148779144,0.5663038856820289,0.5650600379455529,0.5638140988198629,0.5624304981569112,0.5607736211854581,0.5587078486248384,0.5560975983883056,0.5528073871365704,0.5487019482247456,0.5436465479821119,0.5375085176371465,0.5304967995272565,0.522830210413616,0.5147287880990625,0.506412989271434,0.49810346449582654,0.49002095830303416,0.48238624707211697,0.4754200890311471,0.4693431688267689,0.46437600889099784,0.46073876827849236,0.4586505767199018,0.4583204316617981,0.45940134005104394,0.46154500850462016,0.4644027366653727,0.467625637043365,0.4708647279772127,0.4737709867687494,0.47599539129818946,0.4771889617968026,0.4770028157623989,0.4750882674733098,0.4710970645363114,0.46468232514658936,0.45621375050929924,0.44611261945964054,0.4348014668930124,0.4227032285535185,0.4102410225158353,0.3978380617024476,0.38591760740091285,0.37490293458481905,0.3652172992531538,0.35728390358760587,0.35152585448603435,0.3483661008177855,0.34822732130225653,0.3515316604611257,0.3586997786694067,0.37014040934016956
0.9849697076120317,0.9807482295467733,0.9737677274370286,0.9652143064747617,0.9562751105309166,0.9481375019066922,0.9419888060203183,0.93901597878588,0.9404025774908727,0.9451957003182022,0.9524417360866704,0.9611869265009182,0.9704775540211216,0.9793601641239371,0.9868821505616795,0.9920927889842326,0.9940706431988187,0.9932752316950721,0.9901681774589931,0.9852117286486523,0.9788684126069486,0.9716008823031341,0.9638718187937558,0.9561438636766129,0.9488795536954454,0.9425412444981838,0.937590953154092,0.9344899412983219,0.9336960955224625,0.9348292511367969,0.9374885270855708,0.9412718169098254,0.9457767512489653,0.9506009565667634,0.9553422927263214,0.9595998481263546,0.9632939467996362,0.96634741164316,0.9686835196056744,0.9702257564092875,0.9708976922811403,0.9706228995383931,0.9693248733746863,0.9669269136975848,0.9633518872538706,0.9585209637373481,0.952347994023656,0.9447444350433819,0.9356212787907072,0.9248894330606303,0.9124599314727604,0.8982444101375846,0.8830063351309024,0.8675998953675735,0.8528802134584158,0.8397026247380841,0.8289224637612536,0.8213948639516594,0.8179741274213096,0.8179343268288758,0.8205314732146435,0.8250210362931512,0.8306584060390038,0.836699107804891,0.842399202272474,0.8470166275130369,0.850559215556571,0.8530414507275794,0.8544800034141564,0.8548923631850842,0.8542963624493936,0.8527099686588983,0.8501511921719251,0.8466380438891268,0.8421885364537438,0.8368207185849098,0.8305527496712001,0.8234029890652024,0.8153900944731683,0.8065332685029888,0.7968543693213606,0.7866272352099376,0.7761275443221445,0.7656314155385987,0.7554151065681223,0.7457548903682759,0.7369269351589646,0.7292070463589404,0.722869702430748,0.7178571388336956,0.7140668292500195,0.7113953432178335,0.7097389554778024,0.7089938162785254,0.7090560233663589,0.709821668728518,0.7111868548914162,0.7130476563090594,0.7153000454345084,0.717839717384377,0.7205615833992814,0.723354920558418,0.7259342607333311,0.7280121888430902,0.7293008584715958,0.729512289353865,0.7283585283304821,0.7255518209667081,0.720804940271976,0.7138331375284076,0.7051044780642166,0.6950888813339731,0.6842567298304905,0.6730785731861944,0.6620250100469711,0.6515666276651833,0.6421739628118007,0.6343174573306842,0.628467354644646,0.6250935294028892,0.62466525986406,0.6276505158134357,0.6345059876925632,0.6439614744673717,0.6547386092378351,0.6655579992570462,0.6751399708951578,0.6822048136468619,0.6854729771513491,0.6836657235965741,0.6778183535082015,0.6689693907515964,0.65815779338171,0.6464226220982473,0.6348028807029008,0.6243373236164765,0.6160637764146467,0.6097303670860337,0.6049871668448047,0.6014833351550387,0.5988677796090124,0.5967893640859192,0.5948970728521606,0.5928403143138495,0.5902704392117507,0.5873040779186748,0.5840630218779874,0.5806697306511787,0.5772468762200108,0.5739171559175403,0.5708030977383427,0.5680264339042281,0.5652587107758886,0.5621643924123241,0.5584074750429445,0.553651891331673,0.5475617623862713,0.5398026247006262,0.5308080121716479,0.5210131461288664,0.5108536928307132,0.5007655007132208,0.49118446846162767,0.4825464126284432,0.47528683865047655,0.4698402357525887,0.46662988604136213,0.4656669198804857,0.466960224729989,0.47051795597930024,0.4763477273255252,0.4844562544425283,0.4948468887969416,0.5060746587676748,0.5166880033393506,0.5252342913040816,0.5302606063942578,0.5303140126730492,0.5239418314546964,0.5096936592768992,0.4897849164290131,0.466431650113375,0.441850018222813,0.4182560946869634,0.3978656055822341,0.38289297741098555,0.37401522302067897,0.37032332806920254,0.37090675843462456,0.37485448074662825,0.3812552167604567,0.38919759767595674,0.39777029289820154,0.4060621729026068,0.41316257408241663,0.4181619583312379,0.42015584391412564,0.4196954440063035,0.4173336424636704
0.9494887660048136,0.9494542377923875,0.9538633006117015,0.9614388667049789,0.9709079100387236,0.9810286940331646,0.9906908326764695,0.9990670007044896,1.0054674860243407,1.0100468326228225,1.012965765935236,1.014387336119585,1.0144761640665965,1.0133980866246783,1.0113196438417713,1.0084076870398861,1.0048291705610242,1.0007509734833073,0.9963397592745746,0.9917618892911338,0.9871833401578625,0.9827696705071267,0.9786860086643366,0.9750970118234258,0.9721665836491902,0.970057077294318,0.9689260994562217,0.9685331840901962,0.9686265356956069,0.9689517547939204,0.9692528607104328,0.9692722626371144,0.9687507379656007,0.967428198107165,0.9650443388634061,0.9613391661637484,0.9560542387622895,0.9489411156643762,0.9403964828563613,0.9308222512977826,0.9206212149606815,0.9101961876035148,0.8999492119375511,0.8902776560855138,0.8813286172318253,0.8732336967000236,0.8661224376295028,0.8601236854614303,0.8553659856390907,0.8519777420756114,0.8500872323741452,0.8498225097010622,0.8513109085735634,0.8546761363969887,0.8599688625323436,0.8665156670445923,0.8736367714771556,0.8806509561391651,0.8868766230210249,0.8916322801859127,0.8942372406294564,0.8940145753884149,0.8903481479257882,0.8830734236054936,0.8720502080210389,0.8576298986572067,0.8410292982066113,0.8234756111076488,0.8061978660793295,0.7904254389545072,0.7773874525202482,0.7683115013258581,0.7644087213576366,0.7646764431133793,0.7681089423294514,0.7736996722943048,0.780441831506336,0.7873286645466964,0.7933538965621593,0.7975129565987367,0.7988157668225488,0.7977491189908166,0.794803203634333,0.790468960038955,0.7852374155499908,0.7795992123540039,0.7740436648456998,0.7690524161731103,0.7643014508572911,0.7594621600660874,0.7542046754572538,0.7481987294257955,0.7411141841939111,0.7326218495627254,0.7223972911867418,0.7112034526789801,0.6998136013551104,0.6890026117995185,0.6795456889413742,0.6722177489515886,0.667791945015645,0.6670176273651693,0.6694030221546482,0.674452572994824,0.6816697267739878,0.690557566527735,0.700619066043872,0.7113571613793492,0.7222746882134837,0.7328742147951848,0.7426579235718704,0.7511276515270445,0.7577851071088447,0.7621322183625937,0.7636717492139259,0.7619091137517691,0.7563627535570838,0.7478050778569798,0.7370177276327693,0.7247851595078765,0.7118926923354753,0.6991258204328471,0.6872697622851773,0.6771087355792526,0.6694232598186763,0.6649180416502714,0.6628964233587471,0.66265753651004,0.6634997517030461,0.6647214069769303,0.6656214523653996,0.6655008251126994,0.6636669746214126,0.6597519316405369,0.6539971322673601,0.6466606716196907,0.6380060407585965,0.6282997210311281,0.6178099621391493,0.6068059985848595,0.5955576953544526,0.5843354623095084,0.5734102518459739,0.5630535795215164,0.5535373882486733,0.5451338052592807,0.5381148435272948,0.5327519852414175,0.5293152826107081,0.5280703403387418,0.528512417356896,0.530130355692002,0.5324118941266252,0.5348445777515989,0.5369162853372421,0.5381166691436566,0.5379542147050074,0.5367224293519317,0.5347191091968864,0.5322430413094101,0.5295932377226801,0.5270684749986273,0.5249666132798446,0.523582568098109,0.5231984948291671,0.5236851499634116,0.5249042956639292,0.5267156095412175,0.5289780518296009,0.5315503180712053,0.5342909884813839,0.5370585191044199,0.5397111090122606,0.5421063750154214,0.5441004132306914,0.5455449465602531,0.546287443319479,0.5461733192311018,0.5450471874808677,0.5427534003755072,0.5391363601065692,0.5340409545376537,0.5273135850419681,0.518805972015009,0.509095622066746,0.4987691586014229,0.48841493407169495,0.4786217832252259,0.4699784677510186,0.463073004728934,0.45849065295114083,0.45680637779363875,0.4572797541095788,0.45915890115761815,0.4616883536205268,0.46411097889062747,0.4656686262991651,0.4656024392069905,0.4631530902977342
0.9806746178596325,0.9755963365993837,0.9713338427173301,0.9680591749988123,0.9659449755017697,0.9651641614339893,0.9658895689258563,0.9682934440964338,0.9725457885874935,0.97876327861705,0.9859421008762518,0.9930765451266511,0.9991604357414621,1.0031876380674567,1.004152691713316,1.0010543205252063,0.9946653576634177,0.9857611191333833,0.9751175297408502,0.9635106074236278,0.9517160254970609,0.9405083438857438,0.9306600284335982,0.9229401856120777,0.9181100786124519,0.9158005927330473,0.9156380098966609,0.9172473053713768,0.9202527392523884,0.9242780569832066,0.9289465946157806,0.9338813843740772,0.9387052921767159,0.9430412116445416,0.946512317255645,0.9487425709915297,0.9493590803871316,0.9483929907907369,0.9458858284128209,0.9418810169620941,0.9364226252419332,0.9295550509637748,0.9213230295653673,0.9117720199200455,0.9009499651672437,0.889517562854693,0.8781418821564504,0.8674911313457506,0.858233808830381,0.8510383282305471,0.8465726715055969,0.8455038491612442,0.8484964830879003,0.8562030361901642,0.8674031721959107,0.8808716948864622,0.8953823994152379,0.9097088262646111,0.9226246938222199,0.9329045122326693,0.9393261908566376,0.9416353718328436,0.9402713298275147,0.9356820770533116,0.9283181093594219,0.9186311420247152,0.9070734020731099,0.894097216802744,0.8801546271947592,0.8656963375439555,0.8511619875155251,0.8368641208679104,0.8231108463004092,0.8102088481950593,0.7984640656905901,0.7881818450729662,0.7796668298688506,0.7732226188228499,0.7691513510271896,0.7677529416538238,0.7693209464620405,0.7733105690075118,0.7790845778634736,0.7859882195779143,0.7933599732043892,0.8005340897789179,0.8068424005436625,0.8116154074251215,0.8141830795818921,0.8138753727865453,0.8100227409008837,0.8019578604279989,0.7909007523787999,0.7781059445329418,0.7648299460725152,0.7523296413282367,0.7418617713746486,0.7346823200141087,0.7320442752901702,0.7337313313955572,0.7388091388206787,0.7463368705796778,0.7553721097685359,0.7649719397666024,0.7741933855839852,0.7820938567451383,0.7877321149205548,0.7901743481667244,0.7897608131005202,0.7868350358515103,0.7817418350311189,0.7748271010887263,0.7664379023104355,0.7569228848374839,0.7466320299917537,0.7359159871443677,0.725125585925774,0.7146114661225281,0.7047236054635011,0.6958099631104042,0.6881794567428161,0.6816851462146835,0.6761761709043306,0.6715005230794984,0.6675057490613041,0.6640393112438712,0.660948904968805,0.658083013002801,0.6552930294746676,0.6525202923664569,0.6497150306245632,0.6468285185374258,0.6438122142029504,0.6406174019776473,0.6371948971391342,0.6334949745528771,0.6294675660269726,0.6250625080822514,0.6202297693886789,0.6149197623037174,0.609083959825952,0.6026778391982521,0.5958466258876138,0.5887481559934724,0.5815427520402126,0.5743917773510911,0.5674570953011321,0.5609007834956599,0.554884891497868,0.5495711633821433,0.5451205338552072,0.541690953336456,0.5391075005026513,0.5371898339895088,0.5357571042507904,0.5346285926741104,0.5336247229595389,0.5325772654371899,0.5314200929491046,0.5300923640223149,0.5285347770124934,0.5266887484107445,0.5244960905530311,0.5218988164210665,0.5188388775848514,0.515257732558494,0.5110951775222521,0.5062845049798868,0.5007516226472983,0.49441996371022273,0.4872120670517556,0.47905020863460224,0.46985681897589193,0.4595553593007902,0.448087522248501,0.4360986986235707,0.4242364194422277,0.4131486543046061,0.4034833397068186,0.3958879863637127,0.3910092780433998,0.3894927075501334,0.3919819121764968,0.3991149414317253,0.41073853641295577,0.42507119918857894,0.4403287921313176,0.45472651971092193,0.4664794791624071,0.4738030628147089,0.4749136072371085,0.4680305152921954,0.4551733345965821,0.4383726965281513,0.4196611025096271,0.4010715747194522,0.38463715914441954,0.37239044628264983,0.36636228334815496
0.9883590516154077,0.9867106353868217,0.9850379758534789,0.9833412362832232,0.9816205799439047,0.9798761701035796,0.9781081700299752,0.9763167429910333,0.9745020522544874,0.9726642610885272,0.9708035327608993,0.9689200305393573,0.9670139176919188,0.9650853574868592,0.9631345131908667,0.9611615480732121,0.959166625400783,0.9571499084421686,0.955111560464983,0.9530517447368841,0.9509706245259335,0.9488683631006056,0.9467451237273741,0.9446010696757305,0.9424363642122573,0.9402511706054295,0.93804565212387,0.9358199720340248,0.933574293604732,0.9313087801031633,0.9290235947977918,0.9267189009564178,0.9243948618469824,0.9220516407372854,0.919689400895397,0.9173083055885001,0.9149085180851212,0.9124902016531928,0.9100535195602153,0.907598635074381,0.9051257114633602,0.9026349119953434,0.9001263999381104,0.8976003385588704,0.8950568911265435,0.8924962209087233,0.8899184911732143,0.8873238651870502,0.8847125062198353,0.8820845775364727,0.8794402424096857,0.8767796641023691,0.874103005888065,0.8714104310265375,0.8687021027926962,0.865978184450392,0.8632388392744149,0.8604842305224963,0.857714521465456,0.8549298753778074,0.8521304555263853,0.8493164251696994,0.8464879475817928,0.8436451860298108,0.8407883037787255,0.837917464108755,0.8350328302660313,0.8321345655442268,0.8292228331953106,0.8262977964931912,0.8233596186893573,0.8204084630756197,0.8174444929019696,0.8144678714533953,0.8114787619741489,0.8084773277555461,0.8054637320563662,0.8024381381364434,0.7994007092867758,0.7963516087356849,0.7932909997977956,0.7902190457045204,0.7871359097415718,0.7840417551730752,0.7809367452668963,0.7778210432840567,0.7746948125203306,0.7715582161861517,0.7684114176337089,0.7652545800294617,0.7620878667230009,0.7589114409457507,0.7557254659846552,0.7525301050924282,0.7493255215349938,0.7461118785844837,0.7428893395213555,0.7396580675938671,0.7364182260721959,0.7331699782572838,0.7299134873681827,0.7266489167102987,0.7233764295040066,0.7200961890737136,0.7168083586613049,0.7135131015413935,0.7102105809659749,0.7069009602136416,0.7035844025594542,0.7002610712641747,0.6969311295889585,0.6935947408281274,0.6902520681982013,0.6869032750251747,0.6835485245573909,0.6801879800235917,0.6768218047394114,0.6734501619614777,0.6700732149453964,0.666691126964303,0.6633040613090592,0.6599121812077212,0.656515649946926,0.6531146308249165,0.6497092870379608,0.6462997819172865,0.6428862787211285,0.6394689407005844,0.6360479311088364,0.6326234132546462,0.629195550363338,0.6257645057409122,0.622330442632498,0.6188935243269371,0.6154539140561951,0.6120117751336454,0.6085672707746477,0.6051205643007432,0.6016718189327754,0.5982211979670872,0.5947688646812611,0.5913149823030055,0.5878597141462464,0.5844032234326665,0.5809456734687513,0.577487227496617,0.5740280488121289,0.5705683006598877,0.5671081463131771,0.5636477490318026,0.5601872721045197,0.5567268787815284,0.5532667323446333,0.5498069960421818,0.5463478331551395,0.5428894069591467,0.5394318806980926,0.5359754176688742,0.5325201811096183,0.5290663343192576,0.5256140405420976,0.5221634630535096,0.5187147651221528,0.5152681100169587,0.5118236610056777,0.5083815813488672,0.5049420343269541,0.5015051831986392,0.4980711912322573,0.49464022169884725,0.49121243786739566,0.4877880030026305,0.48436708037178916,0.4809498332465256,0.4775364248926532,0.47412701857483996,0.47072177756833344,0.4673208651351345,0.463924444544787,0.4605326790662456,0.4571457319639075,0.4537637665105272,0.4503869459696658,0.44701543361318996,0.4436493927051336,0.44028898651643855,0.4369343783125031,0.4335857313637702,0.43024320893606927,0.4269069742979498,0.423577190716921,0.4202540214617304,0.41693762980019833,0.4136281789994376,0.41032583232765807,0.40703075305279174,0.4037431044428543,0.4004630497656301,0.3971907522888964
0.9630230970205524,0.9667187118326298,0.9762610317394551,0.9898993759305851,1.0058783798957105,1.0224416968274843,1.0378327485382859,1.050295065617854,1.0580727344765695,1.0594114713176161,1.0525615069524092,1.035995366512263,1.012589840840863,0.9852240212577402,0.9567774472538387,0.9301296078107176,0.908159479498779,0.8937438606717992,0.8897198988666695,0.8941661005773709,0.9051566192276361,0.9207643712708109,0.9390618907287522,0.958121718720227,0.97601685119971,0.9908218946596207,1.000619724853446,1.0059109635936838,1.0071995186120937,1.0049900791563786,0.9997875181788674,0.9920965761317031,0.9824215847670945,0.9712659865677059,0.9591308733856405,0.9465098701748114,0.933882114825314,0.921685739650251,0.9103388878647753,0.9002510631678035,0.8918227444742084,0.885421414413303,0.8808378589599793,0.8778607552864393,0.8762780882967202,0.8758775453478251,0.8764466338919782,0.8777727456658689,0.8796432698644614,0.8818457711616395,0.8841683593834935,0.886400708741172,0.8883378413263454,0.8898170544236926,0.8907894535069006,0.8912118885809044,0.891044412952634,0.8902510887802949,0.8888081577790371,0.8871518397422671,0.8857215529114013,0.8849574462818872,0.8852998729914555,0.8871890840886685,0.8910647544474319,0.8973644467927111,0.9040170931055822,0.908940318778618,0.9100507523584116,0.905264830031173,0.8924992389666963,0.8696721158329634,0.8404966961970859,0.8086980887734607,0.7780024877560767,0.7521362529817589,0.7348254144217141,0.7297937577670832,0.7345523164494481,0.7466086942614616,0.7634699396947855,0.7826430586047803,0.8016354192698585,0.8179560056203392,0.8291214215453657,0.8355496153127363,0.8376680366891094,0.8359095930110854,0.8307294490565782,0.8227212652027526,0.8124859091463726,0.8006256528234548,0.7877433077981197,0.7744419222379321,0.7613246156414375,0.748994498133342,0.7380546532792369,0.7291081368217041,0.7227579163566037,0.7196066859616895,0.7202563470111624,0.7253055314760521,0.7332830721875405,0.7427137486971432,0.7521217633272413,0.7600313003557058,0.7649669584276095,0.765454989000844,0.7600447652886657,0.750296322548096,0.7377717472867147,0.7240336577783868,0.7106447166443577,0.6991671427317906,0.6911606670950495,0.6857770251141193,0.6821630408173244,0.679464600279203,0.6768274189026006,0.6733974791591261,0.6683218624101136,0.6607531890470169,0.6516050967192379,0.6417939549539251,0.6322366062903145,0.6238498705374205,0.6175500268383389,0.6142506529958351,0.6132891668893541,0.6139999935738113,0.6157170886674965,0.6177744712668041,0.6195069184268334,0.6202540664039446,0.6200836215275713,0.6190687967584343,0.6172838323768467,0.6148032414834943,0.6117014818973713,0.608052651470041,0.6039298966283329,0.5994045778457845,0.5945451664651337,0.5894170764403566,0.5840843350468827,0.5786104775506524,0.5730589031666177,0.5674931367499433,0.5619771922038697,0.5565761134621211,0.5513561066351056,0.5463841140040224,0.5417274311389564,0.5374534519091357,0.5336294533838353,0.5303222896118609,0.5275978302779074,0.525520009940261,0.5241475108963131,0.523519858610659,0.5234702068293116,0.5237191645355894,0.5239821280125259,0.5239734206715072,0.5234070646122151,0.5219971146700391,0.5194579017571996,0.5155043323789404,0.5098527258323657,0.5022266390854517,0.4930718132254246,0.48285918962880237,0.47206237466071216,0.4611561065265444,0.45061584040413943,0.44091753260903666,0.4325373793671828,0.4259515256378321,0.42163561261545046,0.42006356738719275,0.4206730357621976,0.4228770298783817,0.42608764870693505,0.42971693485915485,0.43317755141233694,0.4358925504591423,0.4378334427054316,0.438974347800825,0.43929001971844805,0.43875537559117644,0.43734527344953655,0.4350343543188616,0.4317970118197484,0.42760756334807926,0.42244052437412427,0.4162709832171238,0.4090754079159489,0.4008329377988952,0.39153145064960787
1.0002012121779322,1.0013485404294125,1.0024211854812748,1.0031675130669937,1.0033360611851636,1.0026757681207499,1.0009370160288753,0.9982769094897168,0.9948595799677765,0.9908500881646081,0.9864137571298598,0.9817160052511493,0.9769222723409983,0.9721979609020807,0.967708355605791,0.9636184677038544,0.9600926652517444,0.9572931140184171,0.95534208947248,0.954151185696638,0.9536272539600863,0.9536748094640983,0.9541961993932591,0.9550902449300649,0.9562395515497057,0.9574968596793415,0.9587133791378718,0.9597399499922261,0.9604272871856154,0.960626073958327,0.9601870241427615,0.9589609555266927,0.9567989189350974,0.9535524974491429,0.9490749367431455,0.9432312535420021,0.936336293172997,0.9287092235214898,0.9206703041644131,0.9125402238020632,0.9046398638167915,0.8972901857271418,0.8908121649503754,0.8855267363251274,0.8817547209354537,0.8798166773753751,0.8800324486657743,0.8827178954483408,0.887381849228414,0.8935318778473997,0.9006752018379744,0.9083189165813306,0.9159700830495803,0.9231357936365876,0.9293232708437755,0.9340401204877135,0.9367954466581648,0.9376990284124012,0.9368915790080032,0.9345153177318638,0.9307129202641429,0.9256272750638581,0.9194013888226332,0.9121783347113037,0.9041012203330611,0.8953131693875397,0.8859573154013776,0.8761768015667282,0.8661147857227868,0.8559144489433053,0.8457190027452084,0.8356716928029667,0.8259157949969266,0.8165946011767165,0.8078513956119883,0.7998294195045357,0.792671810262483,0.7865214666390398,0.7815204808116947,0.7775815474300853,0.7745844846051864,0.772408238902469,0.7709315355891218,0.7700330238395049,0.7695913465803623,0.7694852038726445,0.7695934586136123,0.7697953682040346,0.769971106010414,0.7700033402637494,0.7697940156194356,0.7693335540683212,0.76861776367681,0.7676442874259465,0.7664116510036142,0.7649188869853807,0.7631653647866354,0.761150704594512,0.7588747329174113,0.7563374668451968,0.7535391227772317,0.7504801567781173,0.7471613540029064,0.7435840081876514,0.7397504057391916,0.7356653918396093,0.7313468034309594,0.7268356396602865,0.7221784924939698,0.7174238935935644,0.7126212103018732,0.7078201975801673,0.7030707887041335,0.6984229975745437,0.6939268562215362,0.6896323549508574,0.6855893482095848,0.6818473130977349,0.678454334602609,0.6754461562772699,0.6728015710286337,0.6704938099159811,0.6684934529976096,0.6667691879636739,0.665288241342128,0.6640165740029069,0.6629192132225356,0.6619606009422356,0.6611048778575428,0.6603160399670198,0.6595580207258875,0.6587947467530209,0.6579901898055237,0.6571084338008386,0.6561137750983679,0.6549708539599788,0.6536447720148679,0.6521011498498509,0.6503060541876934,0.6482258956768243,0.6458273702181303,0.6430774380064059,0.6399433241782931,0.6363925322529578,0.6323928662728804,0.6279125050182098,0.6229202188411882,0.6173860458292253,0.6112839076960236,0.604680532264823,0.597669752936437,0.5903513446951131,0.5828271912251449,0.5752001958597218,0.567573842400647,0.560051966012623,0.5527386254198342,0.5457380189837054,0.5391544166239257,0.5330921027049671,0.5276553212884656,0.522948197283607,0.5190745641584218,0.5161373468990619,0.5142329263087603,0.5131848698538414,0.5128141359259795,0.5129410386056096,0.5133856660192397,0.5139680201476237,0.5145080879155235,0.5148259020150543,0.5147416233213833,0.5140756767331347,0.5126490290763985,0.5102838658481946,0.5068062631875875,0.5023723462124754,0.4971450586693895,0.4912887272453028,0.48496820186955025,0.4783485980712648,0.47159518568135445,0.46487332358207456,0.45834841641916174,0.4521858809104201,0.44655111437994566,0.44160946185059546,0.4375261785574591,0.43446637592055914,0.4325949258207359,0.432076258250608,0.43307384109588787,0.4357479349728442,0.4395669371702725,0.4439693437045183,0.4483914825487205,0.45226895065270956,0.4550369854948
1.0092411800625785,1.0068758435699572,1.0045005401234208,1.0021153040852635,0.9997201698197374,0.9973151716901503,0.9949003440596427,0.9924757212860345,0.9900413377242138,0.987597227724697,0.985143425631035,0.9826799657728666,0.9802068824690174,0.9777242100255497,0.9752319827435052,0.9727302349121767,0.9702190008066509,0.9676983146860384,0.9651682107947533,0.9626287233594116,0.960079886585084,0.9575217346506406,0.9549543017137104,0.9523776219055637,0.9497917293257434,0.9471966580385656,0.9445924420605494,0.9419791153697203,0.939356711876716,0.9367252654515851,0.9340848099040382,0.9314353789702761,0.9287770063141625,0.92610972552248,0.9234335701013566,0.920748573463374,0.918054768935952,0.9153521897288106,0.9126408689484704,0.9099208395585702,0.9071921344144532,0.9044547861721475,0.9017088273695661,0.8989542903329132,0.8961912071959124,0.8934196098677595,0.8906395300406643,0.8878509991230902,0.8850540482523062,0.8822487082599899,0.879435009565511,0.8766129822568476,0.8737826559990358,0.8709440599394064,0.8680972227507144,0.8652421725003682,0.8623789366578123,0.859507542040288,0.8566280147392312,0.853740380135194,0.8508446628119651,0.8479408866233349,0.8450290746198301,0.8421092491147066,0.8391814316628273,0.836245643144134,0.8333019037471737,0.8303502330352508,0.8273906500299207,0.8244231732141327,0.8214478205896361,0.8184646097304527,0.8154735578173039,0.8124746816749694,0.809467997829016,0.8064535224918463,0.8034312716237153,0.8004012609676746,0.7973635060231831,0.7943180221307902,0.791264824444875,0.7882039279854202,0.7851353476128805,0.7820590980713147,0.7789751939899556,0.7758836498914986,0.7727844802142103,0.7696776993122498,0.7665633214786124,0.7634413609309189,0.7603118318478035,0.7571747483550512,0.7540301245516711,0.7508779745090856,0.7477183122816858,0.7445511519165853,0.7413765074514996,0.7381943929251651,0.7350048223845345,0.7318078098808382,0.7286033694872818,0.7253915153043193,0.722172261461636,0.7189456221307993,0.7157116115439488,0.7124702439639121,0.7092215337271217,0.7059654952432246,0.7027021429786666,0.6994314914946411,0.6961535554353553,0.6928683495260957,0.6895758885906176,0.6862761875521228,0.6829692614565459,0.6796551254553773,0.6763337948413761,0.673005285013446,0.6696696115244964,0.6663267900408414,0.662976836389775,0.6596197665393231,0.6562555965976161,0.6528843428280307,0.6495060216643479,0.6461206496621572,0.6427282435825588,0.6393288203214123,0.6359223969480701,0.6325089907132302,0.6290886190056391,0.6256612994119636,0.6222270496338128,0.6187858875832495,0.6153378312948155,0.6118828989789163,0.608421108993225,0.6049524798442938,0.6014770301912766,0.5979947788238179,0.5945057446700414,0.5910099467926831,0.5875074043780564,0.5839981367495379,0.5804821633327141,0.5769595036701995,0.5734301773972484,0.5698942042669066,0.5663516041088744,0.5628023968383356,0.5592466024722871,0.5556842410908116,0.5521153328660172,0.5485398980262614,0.5449579568616342,0.5413695297466801,0.5377746370791032,0.5341732993415652,0.5305655370433007,0.526951370756432,0.5233308210980572,0.5197039087146335,0.5160706542963095,0.5124310785666493,0.5087852022756276,0.5051330462019772,0.5014746311510347,0.4978099779501721,0.4941391074524396,0.49046204052032283,0.4867787980426351,0.48308940091962116,0.4793938700685997,0.4756922264110039,0.4719844908859537,0.4682706844380009,0.4645508280183501,0.46082494259178675,0.45709304911742715,0.4533551685640151,0.4496113218994626,0.4458615300938118,0.4421058141188988,0.4383441949647372,0.4345766936077661,0.4308033310458764,0.42702412825975544,0.423239106251208,0.41944828600620787,0.4156516885223116,0.41184933479032265,0.40804124581266743,0.40422744258071064,0.4004079460856287,0.3965827773151641,0.3927519572570718,0.3889155068940846,0.38507344721046854,0.3812257991945107
0.99038414973095,0.988822323994273,0.9872368443500483,0.9856278598032882,0.9839955193587466,0.9823399720213198,0.9806613667959109,0.9789598526873057,0.977235578700418,0.9754886938401309,0.9737193471111841,0.9719276875186705,0.9701138640672036,0.9682780257617352,0.9664203216073185,0.9645409006083492,0.962639911770238,0.9607175040974975,0.9587738265950566,0.9568090282676971,0.9548232581207459,0.9528166651583599,0.9507893983861099,0.948741606807973,0.9466734394297716,0.9445850452561159,0.9424765732910103,0.9403481725403007,0.9381999920087527,0.9360321807007248,0.9338448876211851,0.931638261776623,0.9294124521685506,0.9271676078045038,0.9249038776886844,0.9226214108253732,0.9203203562208483,0.9180008628781713,0.9156630798029238,0.9133071560015313,0.9109332404751052,0.9085414822321206,0.9061320302764623,0.9037050336131996,0.9012606412444435,0.8987990021788453,0.8963202654190057,0.8938245799705299,0.8913120948388349,0.8887829590271165,0.8862373215418915,0.8836753313875585,0.8810971375683043,0.8785028890896021,0.8758927349561563,0.873266824172958,0.8706253057447979,0.8679683286758914,0.8652960419726309,0.862608594637721,0.8599061356785191,0.8571888140981906,0.8544567789017835,0.8517101790948496,0.8489491636803017,0.8461738816660239,0.8433844820545543,0.8405811138493863,0.8377639260618785,0.8349330676892602,0.8320886877406458,0.8292309352203916,0.8263599591332582,0.8234759084812054,0.8205789322740535,0.8176691795122096,0.8147467992031636,0.8118119403538906,0.8088647519574678,0.8059053830431969,0.8029339825875986,0.7999506996129961,0.7969556831223988,0.7939490821098327,0.7909310455970201,0.7879017225763251,0.7848612620556907,0.7818098130440292,0.7787475245348621,0.7756745455525853,0.7725910250780099,0.7694971121368424,0.7663929557250204,0.7632787048486116,0.7601545085096533,0.7570205157149642,0.7538768754722452,0.7507237367824909,0.7475612486483482,0.7443895600836588,0.7412088200916045,0.7380191776659563,0.734820781824696,0.7316137815640813,0.7283983258874558,0.725174563808044,0.7219426443320789,0.7187027164561586,0.7154549291907026,0.7121994315259916,0.7089363724934296,0.7056659010815062,0.7023881662909426,0.6991033171363413,0.6958115026242343,0.6925128717479857,0.6892075735196935,0.6858957569498556,0.6825775710307785,0.6792531647784065,0.6759226871868164,0.6725862872657453,0.6692441140295605,0.6658963164756229,0.6625430436049023,0.6591844444247014,0.655820667942101,0.6524518631671654,0.6490781790837156,0.6456997647264382,0.6423167690733386,0.6389293411521204,0.6355376299485838,0.6321417844823483,0.6287419537482263,0.6253382867553371,0.6219309325067499,0.6185200400122226,0.6151057582691308,0.6116882362914489,0.6082676230817833,0.6048440676352211,0.6014177189672378,0.5979887260759158,0.5945572379739272,0.5911234036600896,0.5876873721439569,0.5842492924251003,0.5808093135132064,0.5773675844118343,0.5739242541214609,0.5704794716567446,0.5670333860117276,0.5635861461994416,0.5601379012200645,0.5566888000789952,0.553238991783605,0.5497886253394995,0.5463378497467907,0.5428868140173364,0.539435667148104,0.5359845581503275,0.5325336360270153,0.5290830497823737,0.5256329484208493,0.5221834809494377,0.5187347963715541,0.5152870436936643,0.5118403719177591,0.5083949300529957,0.5049508670997234,0.5015083320664581,0.4980674739555489,0.49462844177454013,0.4911913845273017,0.48775645121735756,0.48432379085187693,0.480893552434407,0.4774658849699517,0.47404093746441067,0.4706188589216078,0.46719979834738257,0.4637839047461819,0.460371327123175,0.4569622144831835,0.4535567158310966,0.45015498017200894,0.44675715651088865,0.44336339385264095,0.4399738412020112,0.43658864756426075,0.433207961944409,0.4298319333468803,0.42646071077720904,0.42309444323984075,0.419733279740209,0.4163773692828809,0.4130268608730926,0.4096819035155426
0.9811190335233011,0.9786915576909703,0.9762694545832706,0.9738525487243443,0.9714406646385161,0.9690336268499662,0.9666312598828364,0.9642333882615093,0.9618398365100163,0.9594504291527043,0.957064990713808,0.9546833457174992,0.9523053186880823,0.9499307341496783,0.9475594166264412,0.9451911906428225,0.9428258807228802,0.9404633113908469,0.9381033071709481,0.935745692587479,0.9333902921645862,0.9310369304265129,0.9286854318974925,0.9263356211017273,0.9239873225634447,0.92164036080686,0.919294560356267,0.9169497457357095,0.9146057414695778,0.9122623720821773,0.9099194620972122,0.9075768360397379,0.9052343184332328,0.9028917338022061,0.9005489066711657,0.8982056615636305,0.8958618230044022,0.893517215518221,0.8911716636275163,0.8888249918585182,0.886477024734098,0.8841275867783871,0.8817765025173101,0.879423596473364,0.8770686931722234,0.8747116171364531,0.8723521928890385,0.8699902449591357,0.8676255978685393,0.8652580761386458,0.8628875042980095,0.8605137068665951,0.8581365083723422,0.8557557333370599,0.8533712062884635,0.8509827517451131,0.8485901942363268,0.8461933582838065,0.843792068412319,0.8413861491460982,0.8389754250090591,0.8365597205280022,0.8341388602213917,0.8317126686184323,0.8292809702435404,0.8268435896151948,0.8244003512648441,0.821951079714016,0.8194955994853007,0.8170337351042163,0.8145653110950036,0.812090151981873,0.8096080822874352,0.8071189265402592,0.8046225092593804,0.8021186549721214,0.7996071882018263,0.797087933473086,0.794560715310474,0.7920253582354848,0.7894816867762965,0.7869295254539685,0.7843686987971629,0.7817990313225961,0.779220347562002,0.7766324720351706,0.7740352292685279,0.7714284437843064,0.7688119401087186,0.7661855427643208,0.763549076277549,0.7609023651698887,0.7582452339670802,0.7555775071938876,0.752899009372799,0.7502095650298699,0.7475089986878559,0.7447971348718858,0.7420737981058385,0.7393388129140384,0.7365920038205673,0.7338331953497449,0.7310622120259321,0.7282788783731007,0.7254830189156196,0.7226744581772746,0.7198530206832745,0.7170185309565252,0.7141708135227605,0.7113096929055803,0.7084349936281886,0.7055465402158518,0.7026441571927328,0.6997276690828296,0.6967969004109742,0.6938516757005389,0.6908918194756559,0.6879171562616603,0.6849275105819267,0.681922706960489,0.67890256992185,0.6758669239901747,0.6728155936903516,0.6697484035461607,0.6666651780808233,0.6635657418202383,0.660449919287908,0.6573175350067495,0.6541684135032159,0.6510023793012613,0.6478192569229361,0.6446188708945567,0.6414010457406356,0.6381656059825306,0.6349123761473819,0.6316411807576605,0.6283518443389765,0.6250441914160583,0.6217180465096943,0.6183732341479719,0.6150095788530628,0.6116269051496728,0.6082250375619405,0.6048038006139159,0.6013630188305285,0.5979025167354397,0.5944221188530169,0.5909216497071069,0.587400933822682,0.5838597957223789,0.5802980599327997,0.5767155509764326,0.5731120933782053,0.5694875116621627,0.5658416303519082,0.5621742739731007,0.5584852670485003,0.5547744341031257,0.5510415996609523,0.5472865882463634,0.5435092243833237,0.5397093325962236,0.5358867374092857,0.5320412633466834,0.5281727349327161,0.5242809766915,0.5203658131472418,0.5164270688243563,0.5124645682466501,0.5084781359389338,0.5044675964250491,0.5004327742293829,0.49637349387576785,0.4922895798889848,0.48818085679282786,0.48404714911157354,0.4798882813698814,0.4757040780915245,0.4714943638006184,0.4672589630219129,0.46299770027895504,0.4587104000966281,0.45439688699883796,0.4500569855095113,0.4456905201534992,0.4412973154545198,0.43687719593717245,0.4324299861253019,0.42795551054335307,0.42345359371554603,0.41892406016595113,0.4143667344190317,0.4097814409988123,0.4051680044296293,0.4005262492356006,0.3958559999409835,0.3911570810700503,0.3864293171469734,0.3816725326959833
1.0243932301133492,1.0211570207677247,1.0176637358196434,1.014066046670207,1.0105167132132482,1.007168533469072,1.0041741412385048,1.0016856677969252,0.9998542206894103,0.9988289386778629,0.9987539090500919,0.9993823961712298,1.0004402390123295,1.0016512652854808,1.0027388538972932,1.0034264768180372,1.0034384304589596,1.0025022182988077,1.0003575748573525,0.9967909881178103,0.9917805885983321,0.9856682813920163,0.9788058499145845,0.9715485886452633,0.9642529409120444,0.9572756550445709,0.9509733593469438,0.9457020637556336,0.9418161442560842,0.9396648417489143,0.9388371641051372,0.9389123743079941,0.939467251123816,0.9400772657144342,0.9403171852747643,0.9397615103661061,0.937984781641564,0.9345619046246544,0.9290690470923265,0.9210909946507756,0.9116582667340192,0.9018056075628604,0.892568532610624,0.8849826238045253,0.8800829806337094,0.8789021324610593,0.8804461945329555,0.8837153342659709,0.8877084857488533,0.8914243015746999,0.893861580156892,0.8940198650467471,0.8909011269387055,0.8835209714579431,0.8731991657670715,0.8612587741138767,0.8490234792318271,0.8378169978473913,0.8289626233895223,0.8237823180357833,0.8235944970548343,0.8297059819995392,0.8403501543104581,0.8537521591720938,0.8681357188622464,0.8817242396839788,0.8927412578163508,0.8994111042724185,0.8999609321016029,0.895207081598692,0.8859765547925657,0.873099374933222,0.8574072757350918,0.8397331427608159,0.8209107212699781,0.8017745307889887,0.783159916367857,0.7659027933955258,0.7508393730275433,0.738805926583892,0.7306385067230796,0.7271724911995182,0.729240979646897,0.7354527461869933,0.744333383896862,0.7544067829496871,0.7641965172745084,0.7722263423641612,0.7770211423677017,0.7771110710507395,0.7733276833474454,0.7665077956732889,0.7574896068093965,0.7471117160395997,0.7362127596917836,0.7256311373709744,0.7162045495526277,0.7087687862428641,0.7041517278995788,0.7019336033746936,0.7016914866856421,0.7030014358439687,0.7054390579681913,0.7085798367826481,0.711999418115217,0.7152738857022151,0.717979999552766,0.7196956348316056,0.7200013611688405,0.7184899481910816,0.7154693647508503,0.7112517042611193,0.7061498297658548,0.7004766836899802,0.6945447427254975,0.6886641252416685,0.683071896285009,0.6778657209107419,0.6730478961253937,0.6686004165805037,0.6645010150419202,0.6607256970292414,0.6572495855298884,0.6540472253321056,0.6510925916691002,0.6483589209190496,0.645817869487665,0.6434350318626683,0.6411629932448573,0.6389513030751739,0.6367487212723879,0.6345037990969737,0.6321651545418541,0.6296817027923342,0.6270029763378193,0.6240800221667943,0.6208698710075772,0.6174532175676954,0.6139167246163649,0.6103483801684118,0.6068365978258161,0.6034698010338052,0.6003360560045826,0.5975222345553647,0.5951106747786143,0.5931038600281582,0.5914305473471149,0.5899907383824401,0.5886716158350752,0.5873521329316596,0.5859065218098989,0.5842050933495282,0.5821142011913772,0.5794953326108426,0.5762034135857178,0.5720865120883277,0.5669876940864638,0.5607483327358447,0.5532093557450886,0.5442116934203828,0.5335968191550932,0.5212090452770729,0.508259886246948,0.49596553477340766,0.48554308008293656,0.47820980662150325,0.47518277593225644,0.4776779362413756,0.48690352053754093,0.5008652516058256,0.5175657022590262,0.5350068156962278,0.5511905218196714,0.5641191989450263,0.5717970414296079,0.5724460226622762,0.5672174100218011,0.5572643745235938,0.5437405484689162,0.5277995260541929,0.5105943363180674,0.4932760885448827,0.47698885211218367,0.4628496221736487,0.45075121701683946,0.4405777773381817,0.432211161483666,0.42553214720192767,0.42042098687979895,0.4167577137717099,0.4144223788905136,0.4132952648985112,0.41325708025548513,0.41418909941513976,0.4159731615148844,0.41849149635021077,0.4216265046270933,0.4252605320261026,0.4292755385612825
1.0775441206114245,1.0659873474458756,1.0504866108055415,1.0328667408275214,1.0149525489017228,0.9985684411394163,0.9855378558305982,0.9776824559096515,0.9768164093292443,0.9814858831607147,0.99023276652075,1.001597883524148,1.0141217004860412,1.026344635362441,1.0368073419279973,1.0440512349503581,1.046620325688552,1.0450595852623092,1.0402208507690196,1.0329583162548714,1.0241267489113912,1.0145809615477304,1.0051753544966928,0.9967626670496246,0.9901779896003646,0.9852226083654844,0.9816948801412838,0.9793924662103379,0.9781128137816103,0.9776533893833607,0.9778118908047421,0.9783865866145404,0.9791768728089948,0.9799846413084831,0.9806196702528114,0.9809773920535648,0.9809642270497794,0.9804893707319648,0.9794629308897066,0.9777953358200078,0.9753971375036529,0.9721789548574626,0.9680514409637652,0.9629252397034115,0.9567111008283108,0.9493203123487813,0.9406661697318377,0.9306723612184692,0.9196790598624356,0.9081063751014666,0.8963778567116822,0.8849177994564505,0.874150604501937,0.8645002890711848,0.8563890529841048,0.850189969383965,0.8456506344070708,0.842516139404851,0.84053097591043,0.8394394823875457,0.8389860543172797,0.8389153263381983,0.8389724157792809,0.8389034204815804,0.8384562297630413,0.8373822352026077,0.835438151179892,0.8323896958674115,0.8280190790000187,0.8221321663575296,0.8146043958688713,0.8062138693607372,0.7980186076164397,0.7910836968314454,0.7864758534846316,0.785262202201427,0.7885098129815258,0.7972851117201003,0.8126515572194598,0.8316595958565353,0.8513502783771082,0.8687634778639773,0.8809388895957869,0.8849165276678349,0.8777380285531227,0.860185386793467,0.8352132826609956,0.8057776819708576,0.7748347056881371,0.7453400627058242,0.7202475949304955,0.7024991645155771,0.6911535301030638,0.685265584741197,0.6838886838839329,0.686075414546145,0.6908779064829799,0.6973480436283577,0.7045376450551137,0.7114986844945163,0.7172837838333075,0.7209484209410989,0.7224428695782004,0.722023353955206,0.71997180974135,0.7165747752546305,0.7121205093226757,0.7068981444278583,0.7011972199449164,0.6953073729286703,0.6895179982899393,0.6841174919925519,0.6793888048052394,0.6754011670093271,0.6720457549951793,0.6692052449560068,0.6667598677209493,0.6645890703300515,0.6625720773448204,0.6605882775567355,0.6585178039511327,0.6562434230488707,0.6536595904516982,0.6508447155151666,0.6478867093208538,0.6448747344477374,0.6418981937364924,0.6390462841096851,0.6364072164375166,0.6340638534701115,0.6320098225097884,0.6301883562261191,0.6285361981664186,0.6269867678222812,0.6254713064075677,0.6239193666923754,0.6222594348202293,0.6204193345050117,0.6183265054342445,0.6159083028511716,0.6130923155629291,0.6098068802455954,0.605982507965174,0.6015570544682646,0.5966525075753255,0.59139578889303,0.5859147748514473,0.5803375764841212,0.5747921721980893,0.5694058822289065,0.5643040108156342,0.5596060201266502,0.5554178461444575,0.5516814468170166,0.5483238734849549,0.5452677975978424,0.542434151274614,0.5397428045964863,0.537112951254159,0.534463460912193,0.5317131751021916,0.528781276951167,0.525588247537943,0.5220608324891541,0.5181942723768523,0.5141101340678984,0.5099333490918713,0.5057901609980495,0.501807748078638,0.4981140462638046,0.49483765096954824,0.4921077461697751,0.4900539316727693,0.48880598865729796,0.488493642922898,0.4892462558335161,0.4911921232010462,0.49445146156217856,0.4979414467145017,0.5005746826223775,0.5012629796298893,0.49891797184564574,0.4924514789591425,0.4807760853313477,0.46280786437732224,0.4410606534211926,0.418051047849739,0.3962960691717532,0.37831260263073296,0.36661632548817386,0.3622678673846209,0.36413507265083417,0.3710842816737727,0.38198151732612795,0.39569286506092205,0.4110846269865304,0.4270232999017213,0.4423754920370511,0.4560078088380493
0.9592201327928721,0.9532928313259106,0.952319544875759,0.9552409337832228,0.9609968747953392,0.9685270903022456,0.9767715433164758,0.984671019885349,0.99116962426116,0.9963388621658953,1.000259799378446,1.0030145591474044,1.0046854221702048,1.005354314634105,1.0051016263785264,1.0040001211478984,1.002120026793908,0.9995309708182013,0.9963025186209529,0.9925044743404843,0.9882067042992622,0.9834790276605734,0.978391203741758,0.9730127554563347,0.9674125267791654,0.9616572701090678,0.9558067726806375,0.949908579939019,0.9440039493117689,0.9381312047117844,0.932326439221931,0.926623197087493,0.9210512764241565,0.9156369013120031,0.9104036197597938,0.9053729820517837,0.9005651493323079,0.895999460217624,0.8916948255556699,0.8876700398072661,0.8839440910804099,0.8805365939771788,0.8774692642223393,0.8747834828630423,0.8726904325190491,0.8714045563497703,0.8711407771826108,0.8721139137930181,0.8745380320141596,0.878623857801248,0.88360896230481,0.8887279238550837,0.893214700875053,0.8963031849764981,0.8972275675460727,0.8952228268727683,0.8895263330604286,0.8802672165865318,0.8685387446822963,0.8554366470022405,0.8420572891596483,0.8294971707272716,0.8188524916067537,0.8112181790833396,0.8076837834990621,0.8074912692806424,0.8098771285826558,0.8140756030131501,0.8193194273196311,0.8248405541077583,0.8298706582240043,0.8336415192962092,0.835385498744282,0.8343367335456643,0.829740213684949,0.8232088956964627,0.8163596006659779,0.8108100431617975,0.8081780965050117,0.8100812628385775,0.8181352393796568,0.8303575683402505,0.844759332777678,0.8593508758497226,0.8721425501173337,0.8811455063044895,0.8843768356938867,0.8825243462406411,0.8762791800206462,0.866333368037427,0.853379261434273,0.838109398464129,0.8212166251279027,0.8033945059857641,0.7853380373613119,0.7677436384485294,0.7513084070856513,0.7367296496448703,0.7247045137464284,0.7159294770323242,0.7110983655528045,0.7107493720511754,0.7137119209691805,0.7188128363512479,0.7248782613649525,0.7307342314573816,0.7352070983758572,0.7371244521916046,0.7353225700038897,0.7306529533653681,0.7239699334271337,0.7161285296995135,0.7079838754674207,0.7003908076159303,0.6942031479717006,0.6902708633946351,0.6881091671165442,0.6872225511832197,0.6871137716515653,0.6872849196592768,0.6872378792555428,0.686474698002342,0.6844981409940267,0.6808136647945621,0.6757068755342884,0.6694974197385006,0.6625148711100779,0.6550945787146041,0.6475754429267959,0.6402993371884297,0.6336108301522827,0.6278561289228186,0.6233820520909159,0.6205354873731127,0.6196629644192516,0.621109542425578,0.624138627229547,0.627897494057002,0.6315301160621983,0.6341795962748247,0.6349888708912654,0.6331011411363358,0.6276605309044482,0.6178138996251702,0.6045014270287878,0.588688333316957,0.5713486603512092,0.553461425075025,0.536008233091779,0.5199722283931225,0.506337295316728,0.49608759187716844,0.49020723425786994,0.489679841697948,0.49548723844044584,0.5057691295647913,0.5183001962325541,0.5308536638872788,0.5412025972267952,0.5471204444577651,0.5463822291508891,0.5367709838786433,0.5214779239651323,0.5036961633300044,0.48661917229118096,0.47344018616628225,0.46735105677107336,0.46707681695623804,0.47132524284606664,0.4788024228323913,0.48821399507099955,0.4982655849761203,0.5076631599287625,0.5151137952652202,0.5193280922584639,0.5205947549616785,0.5192242944099092,0.5155344519516185,0.5098472104471378,0.5024894988080265,0.49379534161579725,0.484106171599695,0.4737660486451847,0.46311983710061133,0.4525125048667713,0.4422885367958725,0.43278973974958446,0.42395254690516054,0.41565475114322864,0.4077713169626128,0.4001765140281025,0.3927445457813349,0.3853501482623369,0.37787088139804215,0.37021554900352055,0.3624668336384554,0.3547141373230155,0.34704775491670503,0.33955808518594477
0.9497466043205421,0.9459809680872606,0.943587985052516,0.9428004828487289,0.9438512589028077,0.9469730034890586,0.9523980570919603,0.96035784247684,0.9710802526781873,0.9837019953144555,0.9972567814365093,1.0107760084902389,1.0232904507372789,1.0338307505138649,1.0414277767599391,1.0451130734285399,1.043919927818441,1.0368877710015212,1.0253749601191335,1.0107607239554137,0.9944272985069531,0.9777579298508818,0.9621362028536651,0.9489456460888371,0.9395693238445731,0.9353889029080272,0.9377789874692989,0.9451279618580085,0.9558205091400124,0.9682403960808939,0.9807712997046022,0.9917974906123651,0.9997063423958217,1.003299318283155,1.003143964796641,0.9998110372293602,0.9938720350782934,0.985898550074627,0.9764616903651492,0.9661298495582501,0.9553223353772698,0.9442095749175167,0.9329578739512631,0.921732584840836,0.910698744061522,0.9000212719715155,0.8898650971559179,0.8803953002740469,0.8717771944427464,0.864176248313315,0.8577579342964737,0.8526875807553503,0.8491301218236021,0.8472495132445205,0.8472071851192825,0.8491552873428542,0.8530585337003768,0.8585284937487776,0.8651446355901089,0.8724826920382805,0.8801175002209276,0.8876237737420484,0.894576704902043,0.9005532567915355,0.9051351828721412,0.907926057454135,0.9089873577424236,0.9083943478765812,0.9062267909686912,0.9025669828018587,0.8974989188010006,0.8911081066803137,0.8834821340277484,0.8747139261801706,0.8649170842365914,0.8543501136137869,0.843309028434791,0.8320983963009939,0.8210262678283434,0.810401736924676,0.8005341202527111,0.7917323827801839,0.7843036068772309,0.7785418803023227,0.7742426208465479,0.7711921541884362,0.7691748002381199,0.767974201157329,0.7673738836866653,0.7671576452441341,0.7671100379798845,0.7670172254555135,0.7666693733863866,0.7658737780790472,0.7646291717078326,0.7629439627534298,0.7608284915566443,0.7582939762829504,0.7553521989358631,0.7520156338284927,0.7482979826724906,0.7442157627806614,0.7397970194972592,0.7352826674808982,0.7309584662677359,0.7271147089169698,0.7240423886517714,0.7220324315715612,0.721374568751253,0.7223353482094954,0.7236615729725848,0.7240977450053363,0.7223881101002286,0.7172774391644293,0.7075144949668642,0.6945857794132483,0.6799836940883764,0.6652015345184583,0.6517326702159078,0.6410698274693017,0.6347022340300698,0.6319153341265942,0.6319772146159852,0.634154022513716,0.637711389813341,0.6419149956637865,0.6460311703493704,0.6493281797940355,0.6510803101062671,0.6505865003851161,0.6481704160455424,0.6441599876165496,0.6388844977418533,0.6326739782428558,0.6258591174019179,0.6187712089653995,0.6117419197184818,0.6051029469731453,0.5991855495818691,0.5943192727648162,0.5908087246502909,0.5884149299967493,0.5868968226323763,0.586012998999299,0.5855223098669746,0.5851848163673035,0.5847662182977572,0.584158864640749,0.5832651661316,0.5819905452317008,0.5802424173585392,0.5779299215941646,0.5749639725049843,0.5712576806981012,0.5667284370704165,0.5613081697161095,0.5552599529281363,0.548855586332462,0.5423682592071157,0.5360714133256144,0.5302381911300688,0.5251405138444141,0.5210466000434528,0.5182112221789421,0.5164427428954808,0.515542571677424,0.5153101563378846,0.5155437848252521,0.5160408160402579,0.5165978227036363,0.5170108620813717,0.5170757860660145,0.5165885540259281,0.5153455165533557,0.5131440183997626,0.509783927582083,0.5050727672802401,0.499085716153787,0.49196600437347526,0.48387528728147833,0.4750339382191622,0.4657317398579578,0.4562662174098066,0.44693708684344313,0.43804501856165606,0.4298910618816324,0.42277631383060205,0.417001616148365,0.4128671480380802,0.41067149161815625,0.4107081370565679,0.41248454116716493,0.41548770848234196,0.41920259093390033,0.42311373306645805,0.4267058914126063,0.42946505879864094,0.4308829697594714,0.43060242674815574
1.0029060806009364,1.0013721001338496,0.9998076704487838,0.9982130462389198,0.9965884821960527,0.9949342330106374,0.9932505533729826,0.9915376979731373,0.9897959215020726,0.9880254786495305,0.9862266241060518,0.984399612560952,0.9825446987043763,0.9806621372254658,0.978752182810517,0.9768150901477912,0.9748511139239727,0.9728605088292965,0.9708435295558732,0.9688004307946918,0.9667314672398438,0.9646368935839582,0.9625169645157639,0.9603719347257684,0.9582020589015924,0.9560075917278881,0.9537887878882119,0.9515459020634394,0.949279188939927,0.9469889032021759,0.9446752995315792,0.9423386326133287,0.9399791571262434,0.9375971277515021,0.9351927991693175,0.9327664260484017,0.9303182630703072,0.9278485649013373,0.9253575862128226,0.9228455816756946,0.920312805952706,0.9177595137133305,0.9151859596210756,0.9125923983272086,0.9099790844995783,0.9073462727968016,0.9046942178590618,0.902023174365078,0.8993333969499963,0.8966251402679652,0.8938986589519191,0.8911542076711612,0.8883920410461723,0.8856124137074517,0.882815580310305,0.8800017954473137,0.8771713137764896,0.8743243898938717,0.8714612784346323,0.8685822339942574,0.8656875111795973,0.862777364591491,0.8598520488231933,0.856911818466165,0.8539569281026539,0.8509876322978859,0.84800418561718,0.8450068426617542,0.8419958579443992,0.8389714860183407,0.8359339814153274,0.8328835986913474,0.8298205923266978,0.8267452168655481,0.8236577268083508,0.8205583766221352,0.8174474207978242,0.8143251138075643,0.8111917100936195,0.8080474641506967,0.8048926303213709,0.8017274631171816,0.798552216906922,0.7953671460442353,0.7921725049279429,0.7889685479170685,0.7857555293379455,0.7825337035142708,0.7793033247183999,0.7760646472295595,0.7728179253227269,0.7695634131986584,0.7663013650873617,0.7630320351340418,0.7597556775427775,0.7564725464015194,0.7531828958578868,0.7498869799404203,0.7465850527300942,0.7432773682257641,0.7399641803897191,0.7366457432556516,0.7333223106721671,0.7299941365781802,0.726661474826058,0.723324579233078,0.719983703672158,0.7166391018695362,0.7132910275956535,0.7099397345701708,0.7065854765344523,0.7032285070735808,0.6998690799419313,0.6965074486748419,0.6931438669184189,0.6897785882224552,0.6864118661431909,0.6830439542482957,0.6796751060325469,0.6763055750008129,0.6729356146107122,0.669565478367994,0.6661954197347565,0.6628256920714506,0.6594565488737993,0.6560882435262196,0.6527210294107716,0.6493551599243671,0.6459908884110722,0.6426284682351403,0.6392681527652316,0.6359101953201761,0.6325548492263329,0.6292023678041585,0.6258530043312324,0.6225070121429023,0.6191646445183769,0.6158261547125317,0.6124917960449953,0.6091618217414466,0.6058364850672499,0.6025160393003125,0.5992007376448953,0.5958908333717293,0.592586579720616,0.5892882298975713,0.5859960371446228,0.5827102546771988,0.5794311357286774,0.5761589334900088,0.5728939011860238,0.5696362920179675,0.566386359175738,0.563144355881557,0.5599105353044067,0.5566851506588631,0.553468455124916,0.5502607018922882,0.5470621441412336,0.5438730350643138,0.540693627822528,0.5375241756163163,0.5343649316019827,0.5312161489751288,0.5280780808935845,0.5249509805340207,0.5218351010764054,0.5187306956834855,0.5156380175210459,0.5125573197588621,0.509488855565153,0.5064328781003955,0.5033896405251832,0.5003593960102986,0.497342397709688,0.49433889878903314,0.49134915240636345,0.4883734117250141,0.4854119299010644,0.4824649601011104,0.479532755480071,0.47661556919717607,0.47371365441222457,0.4708272642815743,0.46795665196440606,0.4651020706192496,0.4622637734021008,0.459442013470992,0.4566370439810645,0.4538491180901768,0.4510784889528962,0.44832540972657836,0.4455901335671998,0.4428729136307003,0.44017400307385113,0.43749365505154014,0.434832122720169,0.4321896592354948,0.42956651775283394
1.0327686802900897,1.0430740081785301,1.0479712934659697,1.0486595872384685,1.0463428642276429,1.0422258366542665,1.0375131892377043,1.0334088628147886,1.0311134184697162,1.0302576336413032,1.030303710064926,1.0307102843920979,1.0309351981133492,1.0304361592704931,1.0286712045958617,1.025099709257442,1.0191887357260394,1.0113423478182062,1.0019737956496566,0.991498571475413,0.980333043592362,0.9688939441464177,0.9575980210603634,0.9468616875542613,0.9371001910811845,0.9287248863237458,0.9221272959360469,0.9170930826782959,0.9134003244267371,0.9108251006694317,0.9091427475026611,0.9081282872289128,0.9075567285758597,0.9072034414879233,0.9068449333545271,0.9062627210658148,0.9053482494171305,0.9041907767011168,0.9028888946911426,0.9015431661307574,0.9002546077466821,0.8991241197299992,0.898251665919378,0.8977317065553945,0.8974783081047112,0.8973999240834173,0.8974038901381585,0.8973972469252208,0.8972871091641829,0.8969810331471643,0.8963876535598013,0.8954174338101221,0.8939836119960636,0.8920061352109501,0.8894491235763918,0.8864320256464226,0.8830787191244233,0.8795141095555631,0.8758633512328297,0.872251433191412,0.8688027135235254,0.8656401126694967,0.8628840073390909,0.8606518636335083,0.8590583858920798,0.8582149787254904,0.8582245695593222,0.859063551994528,0.860520475234213,0.8622986322001225,0.8640772497709839,0.8655270828721615,0.8663144554304111,0.8661029094349615,0.8645546622147318,0.8613314832958626,0.8560951931277183,0.8485083100167119,0.8382368110570937,0.8253626892858557,0.8107810989422388,0.7953904616051274,0.7800901435980824,0.7657798422392937,0.7533591849681388,0.7437272759099287,0.7377820447677045,0.7364195891417807,0.7405325261525566,0.7510019576926823,0.7653229819512651,0.7809851175496663,0.7954762956950532,0.8062841223164274,0.810896495562459,0.8068034854752536,0.7962140617901965,0.7813451489219286,0.7644146266406596,0.7476404792270773,0.7332401632571977,0.7234285661399132,0.7173007082641143,0.7139178129160665,0.7123391976497022,0.7116238571548377,0.7108311074138287,0.7090221891260322,0.7052902425346589,0.7003154499620127,0.6947818777291019,0.689374386221756,0.684777931191676,0.681677086351397,0.6807551167072919,0.6826903861918959,0.6865135894074006,0.6912477108273101,0.6959142132577675,0.6995341394120485,0.7011286081938566,0.6997194189342232,0.694330859989997,0.6839984218439257,0.6698755278734166,0.653122053688816,0.6349001709476942,0.6163729845367025,0.5987039182790641,0.5830563135255532,0.5705928454480449,0.562473767188094,0.5597066787558211,0.5611943280571796,0.5658371281936739,0.5725349117965983,0.58018747765626,0.5876951076210964,0.5939597369406293,0.5978882944396379,0.5984097673017859,0.5961744442194706,0.5918601304593882,0.5861474253483956,0.579717669442123,0.5732522627555752,0.5674321660088729,0.5629368847379246,0.5604406802397163,0.5595194462547675,0.5596740326438009,0.5604014749661661,0.5611977054910767,0.5615584184134695,0.5609795421746594,0.5589580747066256,0.5549972243948043,0.5495415504784141,0.5430608433178392,0.5360287765985052,0.5289200496112731,0.5222094930388579,0.5163713852328731,0.5118759856144706,0.5085512659228776,0.5062216924572486,0.5047109052508978,0.5038423831857668,0.50343977777497,0.5033271960936798,0.5033294045386864,0.5032718111808765,0.5029802720998577,0.5022809239444289,0.5010002010727456,0.4989649604883106,0.49600270905488253,0.4919419875520492,0.4866138828732625,0.4798720599927443,0.47199262300140077,0.46325417176944084,0.4539357124790966,0.4443160413616556,0.43467239605328356,0.42525931204397877,0.41627067687995434,0.4078983506415009,0.40033366223248273,0.39376784451033275,0.3883922702461436,0.3843985698437531,0.38197865149418536,0.3813245384653491,0.38262808166367246,0.38608054830182015,0.39187191928210646,0.4001887398545158,0.4112041326318645
1.0030518420578707,0.9994606442874336,0.9947928123642984,0.9892686599701874,0.9831091558029252,0.9765354691039686,0.9697688439069119,0.9630305402197537,0.9565417862231425,0.9505237125096173,0.9451972103979969,0.9407824927197074,0.9374971599245074,0.9352848749467201,0.9340811971823484,0.9338196344024001,0.9344327480878871,0.9358524264782095,0.9380098761579163,0.9408355026149227,0.9442588740141907,0.9482085769332171,0.9526117126788463,0.9573920508685512,0.9623823530829192,0.9674023484275868,0.9722703152403087,0.9768041204079743,0.9808214872864625,0.9841400932954056,0.9865776237753449,0.9879518323278926,0.9880806711037464,0.9867828552465014,0.9840953621788164,0.9801787886256614,0.9751946814697072,0.9693048941393252,0.9626714186730242,0.9554563261760669,0.9478217350226152,0.9399297877050437,0.9319426302538331,0.9240223891241722,0.9163311404570312,0.9090308651959942,0.9022833768428487,0.8962501795978925,0.8910921347313194,0.8869681823348837,0.8837768349062862,0.8814016248522707,0.8797246751333806,0.8786276237655513,0.8779918904813064,0.8776987926017448,0.8776296070116475,0.8776656137474619,0.8776881418816469,0.8775786447477876,0.8772189078946284,0.8764920560951527,0.8754135871532223,0.8740095509431571,0.8723069573229151,0.8703330946272245,0.8681153541954976,0.8656811571666867,0.8630579018077327,0.8602728901867418,0.8573531275012195,0.8543241550944142,0.8511944085140277,0.847968880665286,0.8446519817441884,0.8412479063289213,0.8377607455376778,0.8341945410153487,0.8305533179557797,0.8268411113325502,0.8230619923964737,0.8192200969647765,0.8153196501213393,0.811364981867018,0.8073605263196094,0.8033108106167776,0.7992204392250355,0.7950940784425009,0.7909364432335347,0.7867522870322362,0.7825463963055599,0.7783235900749738,0.7740887244766761,0.7698467004151986,0.7656024696269985,0.7613610414731341,0.7571274864793204,0.752906937050978,0.7487045888115371,0.7445257016735474,0.740375595361139,0.7362596400485308,0.7321832418469865,0.7281518235614437,0.7241708021957377,0.7202455630472173,0.7163814214581574,0.712583554002123,0.7088568470797947,0.7052055222036273,0.7016322272208615,0.6981371365467637,0.6947170045981886,0.6913644335060941,0.6880690402829436,0.6848184106794247,0.6815986879941835,0.6783950387950821,0.6751919945781578,0.6719736508601813,0.6687238009816334,0.6654260293572367,0.6620637705335161,0.6586203491983219,0.655079013066149,0.6514229601309827,0.6476353641902736,0.6436994004376682,0.639598274742011,0.6353152604004932,0.630833752849655,0.6261373850752925,0.6212103511575211,0.6160392436610644,0.6107118400496404,0.6053179134060859,0.5999477115495288,0.5946916564132948,0.5896402431338078,0.5848839862849535,0.5805133780783112,0.5766188360748077,0.5732905990136119,0.5706184210080124,0.5686901643203044,0.567572146692589,0.5673237875448582,0.5680017843178754,0.5696596898378653,0.5723436715947681,0.5758157920616914,0.5798342342342282,0.5841563088757568,0.5885390121288476,0.5927391959832476,0.5965136434026959,0.5996191128007776,0.6018123752650697,0.6028502585432907,0.6024897188399788,0.6004879948903274,0.5966029853525155,0.5905945888766577,0.582809177874884,0.5736072524058807,0.5633505979150408,0.552401455280233,0.5411222705980256,0.5298755934587883,0.5190240230842779,0.5089301688833511,0.49995661182874823,0.49246584698114126,0.48682015451463334,0.4833810872084938,0.48247024847205244,0.48363867543125233,0.486436689783909,0.49041441138445885,0.4951218848761787,0.500109138531738,0.5049262287414326,0.509123290303328,0.5122506002602865,0.5138586710079588,0.5134984497181971,0.5107219391286523,0.5050850169008729,0.4969432910605527,0.48671948783816704,0.47483760026560395,0.46172207070129767,0.44779756863975806,0.4334888946112803,0.4192209246137024,0.40541857254905567,0.39250676060024664,0.38091039033537966,0.3710543133834529
1.0142257241710055,1.0165337539215145,1.0187802579653096,1.0207359106030212,1.0221722186139153,1.0228647968286497,1.022829456391733,1.0222564238751386,1.0213397408159675,1.0202744788016334,1.019255976069026,1.0184793839101203,1.018138910068079,1.0184246044728194,1.0194475597164419,1.0206536109625637,1.021484042599378,1.0213787768931806,1.0197772102825242,1.0161186925191448,1.0098429956970665,1.0003917566215235,0.9885395275424702,0.9750696676352912,0.9607666735232077,0.9464153223978526,0.9328003212557183,0.9207059917633535,0.9109158329122907,0.9042110653127637,0.9008159579944074,0.9002346133340111,0.9019666901938728,0.9055097627944424,0.9103602893751559,0.9160141673542189,0.9219670688816226,0.9277146850510781,0.9327530535833561,0.9365791972755567,0.9386941763599903,0.9386654966760039,0.9366074464914433,0.9326593432023592,0.9269860673385407,0.9197828949195315,0.9112860167256494,0.9018789870903361,0.8919495879820554,0.8818867270862883,0.8720798040081683,0.8629185157145356,0.854792776350539,0.8480926074948204,0.8432079688404011,0.8405284984072384,0.8404428564840266,0.8433355827973658,0.848448090386792,0.8550182259694482,0.8622830550986622,0.8694794650135278,0.875844531981575,0.8806160582747345,0.8830340801110281,0.882447204092965,0.8794592496770788,0.8746769653721627,0.8687077189913884,0.8621589730789286,0.8556378873424078,0.8497504876623184,0.8450973526018346,0.8412491267826547,0.837770004005186,0.8342231284134579,0.8301713865465192,0.8251778061328917,0.8188061938376194,0.8106247581863173,0.8012637255492874,0.7913556890858156,0.7815336321385434,0.772430463539022,0.7646785115520661,0.7589076432004112,0.7548466212486502,0.7522113193758175,0.7507159402554479,0.7500741108632523,0.7499992397408418,0.7502048206571106,0.7504048128902817,0.7503144678046205,0.7496533453668102,0.7482024172260331,0.7461394007279492,0.7436463893334467,0.7409064436965955,0.7381028854192715,0.7354188671197377,0.7330366881820212,0.7311347957885699,0.7296726755602058,0.7284860825678072,0.7274049439016614,0.726256438876402,0.7248652907117599,0.7230542679176256,0.7206446821866976,0.7174570362251833,0.7133115192959787,0.7080283605824619,0.7014282668086369,0.693334180962587,0.6843819623520802,0.6752178579364745,0.6664893643977432,0.6588442520236564,0.6529301264029096,0.6493937892729854,0.6488792729388082,0.6507361870259644,0.6542691850519513,0.6587812093208978,0.6635749798421545,0.6679535364641984,0.6712216155934332,0.6727060878745629,0.6726278205785607,0.6712099776610454,0.6686761827813343,0.6652501020001343,0.6611552049497381,0.6566145859773237,0.6518508627807522,0.6470861705743131,0.6425422426723262,0.6384404467928245,0.635001642789161,0.6324456715022535,0.6309880744265233,0.6300481291209208,0.6290410680981133,0.6273815095754243,0.6244840728704362,0.6197638632286409,0.612637867621956,0.6025298844702689,0.5906007589421488,0.5780405719946216,0.5660417467559644,0.555797096686598,0.5484992264096432,0.545339078672322,0.5449708299766424,0.546040178446629,0.5471919140735151,0.5470707384666709,0.5443218112228168,0.5375927163930008,0.5285458622651159,0.5188573584316656,0.510204770428633,0.5042659354151231,0.5027184506067176,0.5072384522656479,0.5162443904866238,0.5280614882109589,0.5410132907707823,0.5534228969216797,0.5636133933152466,0.5699082199073855,0.5706319743580526,0.5641139382159589,0.551621513607679,0.5344391355730382,0.5138539751832998,0.491154392202554,0.4676294299378491,0.44456848718992376,0.4232611181063749,0.4049968161736206,0.39106468245203174,0.38275222925412977,0.3810831178885756,0.3844437134193112,0.39121879000282256,0.3997928752571915,0.4085507333991342,0.4158780558729074,0.4201630871356591,0.41980577487709525,0.4157952967128176,0.409124927911358,0.40078958035726575,0.3917850116096682,0.383107434872526,0.37575323372256697
